# x y T
0 0.13 0.805359
0 0.150037 0.805615
1 0.150037 0.806043
1 0.13 0.805788
0 0.169963 0.805614
0 0.19 0.805359
0.0203322 0.13 0.80588
0.0203383 0.15 0.806136
1 0.19 0.805785
1 0.169963 0.80604
0.979668 0.13 0.806311
0.979662 0.15 0.806566
0.0203445 0.17 0.806136
0.0203507 0.19 0.805881
0.0407779 0.13 0.806671
0.0407903 0.15 0.806928
0.979649 0.19 0.806308
0.979656 0.17 0.80656
0.95921 0.15 0.807365
0.959222 0.13 0.807104
0.0408151 0.19 0.806672
0.0408027 0.17 0.806928
0.0612243 0.13 0.807729
0.0612429 0.15 0.807987
0.959185 0.19 0.807109
0.952382 0.17 0.807674
0.942168 0.15 0.808227
0.938776 0.13 0.80816
0.0612801 0.19 0.807732
0.0612615 0.17 0.807987
0.0816955 0.15 0.809315
0.0816707 0.13 0.809056
0.93872 0.19 0.808162
0.931923 0.17 0.808828
0.925126 0.15 0.809276
0.918329 0.13 0.809487
0.0817451 0.19 0.809059
0.0817203 0.17 0.809313
0.0987372 0.15 0.810629
0.102117 0.13 0.810651
0.918255 0.19 0.809492
0.911464 0.17 0.810252
0.904674 0.15 0.810777
0.897883 0.13 0.81108
0.10221 0.19 0.810656
0.102179 0.17 0.810905
0.115779 0.15 0.812134
0.122563 0.13 0.812519
0.89779 0.19 0.811087
0.894413 0.17 0.81164
0.884221 0.15 0.812551
0.877437 0.13 0.812943
0.122675 0.19 0.812532
0.129453 0.17 0.813455
0.136232 0.15 0.814169
0.14301 0.13 0.814648
0.877362 0.17 0.813211
0.877325 0.19 0.812955
0.863768 0.15 0.814599
0.85699 0.13 0.815078
0.14314 0.19 0.814661
0.149912 0.17 0.815685
0.156684 0.15 0.816481
0.163456 0.13 0.817048
0.85686 0.19 0.815091
0.856903 0.17 0.815345
0.843316 0.15 0.816915
0.836544 0.13 0.817484
0 0.29 0.723566
0 0.32 0.723412
0.0122144 0.303573 0.723797
0 0.35 0.722792
0.163605 0.19 0.817067
0.170371 0.17 0.818184
0.183903 0.13 0.819727
0.177137 0.15 0.819059
1 0.35 0.721832
1 0.32 0.722451
1 0.29 0.722605
0.987786 0.303573 0.722836
0.836395 0.19 0.817499
0.836445 0.17 0.817747
0.822863 0.15 0.819508
0.816097 0.13 0.82016
0.022255 0.35 0.723449
0.0223067 0.29 0.724022
0.0290628 0.31 0.724324
0.0222722 0.33 0.72387
0.18407 0.19 0.819741
0.187437 0.175 0.820427
0.190805 0.16 0.820981
0.204349 0.13 0.822662
0.204411 0.15 0.822928
0.977745 0.35 0.722488
0.977728 0.33 0.722908
0.977693 0.29 0.723061
0.970937 0.31 0.723362
0.81593 0.19 0.820187
0.80917 0.17 0.821379
0.802411 0.15 0.822353
0.795651 0.13 0.823109
0.0425751 0.35 0.724255
0.0426785 0.29 0.724769
0.0460307 0.31 0.725002
0.0426096 0.33 0.724665
0.204535 0.19 0.822693
0.204473 0.17 0.822941
0.224795 0.13 0.825881
0.221453 0.15 0.825606
0.957425 0.35 0.723293
0.95739 0.33 0.723702
0.957321 0.29 0.723807
0.953969 0.31 0.724038
0.795465 0.19 0.823133
0.788712 0.17 0.824433
0.775136 0.15 0.826585
0.775205 0.13 0.826316
0.0628952 0.35 0.725287
0.0630503 0.29 0.725775
0.0629986 0.31 0.725864
0.0629469 0.33 0.725692
0.225 0.19 0.825922
0.231747 0.17 0.827292
0.245242 0.13 0.829374
0.238495 0.15 0.828455
0.937105 0.35 0.724324
0.937053 0.33 0.724728
0.93695 0.29 0.724818
0.937001 0.31 0.724894
0.775 0.19 0.826351
0.77166 0.17 0.827168
0.758095 0.15 0.829484
0.754758 0.13 0.829807
0.0834222 0.29 0.727046
0.0832153 0.35 0.726557
0.0833532 0.31 0.727124
0.0832843 0.33 0.726961
0.245465 0.19 0.829412
0.252206 0.17 0.830886
0.265688 0.13 0.833147
0.258947 0.15 0.832124
0.916785 0.35 0.725595
0.916716 0.33 0.726001
0.916578 0.29 0.726084
0.909873 0.31 0.726635
0.754535 0.19 0.829848
0.754609 0.17 0.830099
0.741053 0.15 0.832571
0.734312 0.13 0.83358
0.103794 0.29 0.728569
0.103708 0.31 0.728636
0.103535 0.35 0.728073
0.103622 0.33 0.728478
0.26593 0.19 0.833186
0.272665 0.17 0.834757
0.286135 0.13 0.837181
0.286221 0.15 0.837457
0.896465 0.35 0.727106
0.896378 0.33 0.727511
0.896206 0.29 0.727595
0.892906 0.31 0.727951
0.47024 0 1
0.45 0 1
0.73407 0.19 0.833622
0.734151 0.17 0.833871
0.7206 0.15 0.836527
0.713865 0.13 0.83763
0.55 0 1
0.52976 0 1
0.49008 0 1
0.50992 0 1
0.523018 0.0141005 0.988885
0.480548 0.0211508 0.983347
0.123959 0.33 0.730253
0.124166 0.29 0.730339
0.130836 0.31 0.731053
0.123856 0.35 0.72984
0.286395 0.19 0.83723
0.293124 0.17 0.838887
0.306581 0.13 0.841507
0.306674 0.15 0.841788
0.876041 0.33 0.729277
0.876144 0.35 0.728869
0.875834 0.29 0.729366
0.875938 0.31 0.729438
0.463633 0.0284718 0.977518
0.45 0.0213636 0.983028
0.713605 0.19 0.837672
0.713692 0.17 0.837916
0.700148 0.15 0.840764
0.693419 0.13 0.841968
0.55 0.0213636 0.983017
0.536367 0.0284718 0.977504
0.516594 0.0284339 0.977628
0.501783 0.0176257 0.986134
0.485274 0.0386868 0.969601
0 0.489963 0.654996
0 0.51 0.65503
0 0.470037 0.654633
0 0.45 0.654191
0.140901 0.33 0.731916
0.144538 0.29 0.732358
0.15119 0.31 0.733162
0.144176 0.35 0.731852
0.30686 0.19 0.841547
0.313582 0.17 0.843299
0.327027 0.13 0.846126
0.327127 0.15 0.8464
0.855704 0.33 0.7313
0.855824 0.35 0.730883
0.855462 0.29 0.731389
0.84881 0.31 0.732184
0.47 0.0431484 0.96604
0.45 0.0431484 0.965879
0.69314 0.19 0.842006
0.686418 0.17 0.843751
0.672873 0.15 0.846845
0.672973 0.13 0.846575
0.55 0.0431484 0.965857
0.53 0.0431484 0.966021
0.51 0.0431484 0.966112
0.49 0.0562229 0.955918
0.0169538 0.489981 0.655359
0.0202992 0.51 0.655403
0.0202992 0.45 0.654773
0.0202992 0.47 0.655195
0.157843 0.33 0.733752
0.164909 0.29 0.734636
0.171545 0.31 0.735524
0.164496 0.35 0.734118
0.327325 0.19 0.846131
0.334041 0.17 0.847981
0.347579 0.15 0.851313
0.347474 0.13 0.851061
0.838762 0.33 0.73317
0.835504 0.35 0.733143
0.835091 0.29 0.733659
0.828455 0.31 0.734543
0.47 0.0649392 0.949022
0.45 0.0649392 0.948827
0.672675 0.19 0.846585
0.665959 0.17 0.848433
0.652421 0.15 0.851762
0.652526 0.13 0.851509
0.49 0.0736555 0.942397
0.55 0.0649392 0.948787
0.53 0.0649392 0.948986
0.51 0.0649392 0.949116
0.0407116 0.51 0.656078
0.0339075 0.49 0.655887
0.0407116 0.45 0.655533
0.0407116 0.47 0.655938
0.17818 0.33 0.736186
0.188513 0.31 0.737684
0.185281 0.29 0.737167
0.184816 0.35 0.736634
0.34779 0.19 0.850957
0.3545 0.17 0.852919
0.364621 0.15 0.85566
0.36792 0.13 0.856385
0.82182 0.33 0.735214
0.815184 0.35 0.735659
0.814719 0.29 0.736188
0.808101 0.31 0.737154
0.47 0.0867301 0.932085
0.49 0.0910869 0.928999
0.45 0.0867301 0.931762
0.65221 0.19 0.851414
0.6455 0.17 0.853373
0.635379 0.15 0.856112
0.63208 0.13 0.856829
0.51 0.0954453 0.925612
0.55 0.0867301 0.931694
0.53 0.0867301 0.932033
0.0611249 0.51 0.657011
0.0543206 0.49 0.656747
0.0611249 0.45 0.656509
0.0679294 0.47 0.657269
0.198518 0.33 0.738877
0.205481 0.31 0.740023
0.205653 0.29 0.739951
0.205136 0.35 0.739404
0.368255 0.19 0.855953
0.371551 0.17 0.8572
0.381663 0.15 0.860285
0.388367 0.13 0.862328
0.801482 0.33 0.737899
0.794864 0.35 0.738424
0.794347 0.29 0.738971
0.787746 0.31 0.740019
0.49 0.108518 0.915886
0.45 0.108518 0.914251
0.47 0.104161 0.918605
0.631745 0.19 0.856426
0.625041 0.17 0.858529
0.618337 0.15 0.860735
0.611633 0.13 0.862746
0.53 0.108518 0.915119
0.51 0.121407 0.906299
0.55 0.108518 0.914239
0.0815382 0.51 0.658188
0.0747338 0.49 0.657842
0.0815382 0.45 0.657696
0.0883426 0.47 0.658543
0.218855 0.33 0.741825
0.225835 0.31 0.743056
0.226025 0.29 0.742998
0.225456 0.35 0.74243
0.38872 0.19 0.860936
0.45 0.13 0.895102
0.388602 0.17 0.861553
0.402115 0.15 0.86633
0.408813 0.13 0.869552
0.429259 0.13 0.880494
0.781145 0.33 0.740838
0.774544 0.35 0.741443
0.773975 0.29 0.742009
0.770778 0.31 0.742602
0.49 0.13 0.900381
0.47 0.13 0.899241
0.61128 0.19 0.861419
0.60799 0.17 0.862908
0.591187 0.13 0.869839
0.597885 0.15 0.866799
0.503333 0.14 0.893768
0.570741 0.13 0.880133
0.53 0.125704 0.901924
0.55 0.13 0.894881
0.108756 0.48 0.660161
0.101951 0.51 0.659612
0.0951471 0.49 0.659179
0.101951 0.45 0.65912
0.105354 0.465 0.6597
0.239192 0.33 0.745022
0.24619 0.31 0.746351
0.246397 0.29 0.7463
0.245776 0.35 0.745717
0.266769 0.29 0.749861
0.409185 0.19 0.86546
0.45 0.15 0.883605
0.415876 0.17 0.868167
0.422568 0.15 0.873249
0.760808 0.33 0.744035
0.754224 0.35 0.744719
0.75381 0.31 0.745364
0.753603 0.29 0.745302
0.486667 0.15 0.887071
0.466667 0.16 0.879579
0.590815 0.19 0.865869
0.590939 0.17 0.867148
0.577432 0.15 0.873747
0.5 0.16 0.881018
0.516667 0.15 0.886862
0.556784 0.15 0.882086
0.536725 0.15 0.885476
0.122365 0.51 0.661273
0.122365 0.47 0.661185
0.122365 0.49 0.661333
0.122365 0.45 0.660786
0.26632 0.33 0.749693
0.266544 0.31 0.749894
0.266096 0.35 0.749245
0.28714 0.29 0.753678
0.429649 0.19 0.868019
0.45155 0.175 0.870671
0.436433 0.17 0.871755
0.466667 0.18 0.868724
0.74047 0.33 0.747486
0.733904 0.35 0.748257
0.733456 0.31 0.748908
0.733231 0.29 0.748862
0.71286 0.29 0.752679
0.483333 0.17 0.874713
0.505 0.175 0.871982
0.570351 0.19 0.868544
0.563567 0.17 0.872463
0.523333 0.17 0.874686
0.543392 0.17 0.873861
0.142778 0.51 0.663177
0.139376 0.47 0.662757
0.149582 0.49 0.663934
0.142778 0.45 0.662687
0.283262 0.33 0.752852
0.293672 0.31 0.755038
0.286416 0.35 0.753034
0.307512 0.29 0.757758
0.45 0.19 0.864756
0.47 0.194013 0.860902
0.713342 0.33 0.752488
0.713584 0.35 0.752038
0.713101 0.31 0.752706
0.692488 0.29 0.756755
0.51 0.19 0.863218
0.49 0.198027 0.858432
0.55 0.19 0.864941
0.53 0.19 0.863499
0.52 0.202029 0.856192
0.163191 0.51 0.665318
0.156387 0.47 0.664481
0.166594 0.49 0.665778
0.163191 0.45 0.664834
0.183605 0.45 0.667209
0.300204 0.33 0.756169
0.31064 0.31 0.758495
0.306737 0.35 0.757071
0.327884 0.29 0.762117
0 0.77 0.626293
0 0.790037 0.626374
0 0.83 0.626258
0 0.809963 0.626359
0.45 0.210067 0.851516
0.49 0.214025 0.848963
0.47 0.210067 0.851349
0.699658 0.32 0.755336
0.693263 0.35 0.756094
0.685973 0.31 0.758193
0.672116 0.29 0.761097
0.51 0.218049 0.84662
0.55 0.210067 0.851719
0.53 0.214058 0.849075
0 0.61 0.633497
0.183605 0.51 0.667705
0.183605 0.49 0.667779
0.183605 0.47 0.667602
0.204018 0.45 0.669843
0.320542 0.33 0.76038
0.327608 0.31 0.762138
0.327057 0.35 0.761349
0.348256 0.29 0.766773
0.347963 0.31 0.766751
0.0202992 0.77 0.626487
0.0203117 0.79 0.626571
0.0203367 0.83 0.626463
0.0271283 0.81 0.62665
0.45 0.230022 0.839233
0.49 0.230022 0.839454
0.47 0.230022 0.83935
0.679458 0.33 0.759378
0.672943 0.35 0.760365
0.665618 0.31 0.762621
0.651744 0.29 0.765724
0.51 0.238004 0.83475
0.53 0.234013 0.837043
0.55 0.230022 0.839349
0.0202992 0.61 0.633791
0 0.649963 0.633548
0 0.630037 0.63355
0 0.67 0.633494
0.0202992 0.63 0.633874
0.0202992 0.67 0.633788
0.204018 0.51 0.670331
0.204018 0.49 0.670414
0.210822 0.47 0.671163
0.224431 0.45 0.672707
0.34767 0.33 0.766373
0.347377 0.35 0.765827
0.368628 0.29 0.771767
0.368007 0.33 0.771088
0.368317 0.31 0.771669
0.0407116 0.77 0.626783
0.0407367 0.79 0.626869
0.0407869 0.83 0.626762
0.0475662 0.81 0.626987
0.45 0.249978 0.82705
0.49 0.249978 0.827656
0.47 0.253969 0.824989
0.65233 0.33 0.76539
0.652623 0.35 0.764864
0.631372 0.29 0.770671
0.645264 0.31 0.767317
0.53 0.249978 0.827449
0.51 0.253969 0.825353
0.55 0.249978 0.827138
0.0407116 0.61 0.634252
0.0202992 0.65 0.63387
0.0407116 0.63 0.634353
0.0407116 0.67 0.63425
0.224431 0.51 0.673211
0.224431 0.49 0.673278
0.231236 0.47 0.674115
0.244844 0.45 0.675836
0.367697 0.35 0.770441
0.388999 0.29 0.77722
0.388672 0.31 0.776947
0.384949 0.33 0.775072
0.0611626 0.79 0.627269
0.0611249 0.77 0.627182
0.0612378 0.83 0.627163
0.0646024 0.81 0.627342
0.45 0.269933 0.814431
0.47 0.269933 0.815476
0.49 0.269933 0.816145
0.635388 0.33 0.769337
0.632303 0.35 0.769531
0.611001 0.29 0.77602
0.624909 0.31 0.772323
0.51 0.269933 0.816166
0.53 0.265942 0.817894
0.55 0.269933 0.814574
0.0611249 0.61 0.634873
0.0815382 0.61 0.635665
0.0475161 0.65 0.634537
0.0611249 0.63 0.634988
0.0611249 0.67 0.634877
0.244844 0.51 0.676326
0.244844 0.49 0.676402
0.258453 0.47 0.678434
0.265258 0.45 0.679195
0.409371 0.29 0.783425
0.388017 0.35 0.774975
0.409027 0.31 0.782727
0.401891 0.33 0.778939
0.0815884 0.79 0.627772
0.0815382 0.77 0.627682
0.0816385 0.81 0.627768
0.0816887 0.83 0.627666
0.45 0.29 0.800086
0.429742 0.29 0.791108
0.47 0.29 0.803859
0.49 0.29 0.805192
0.51 0.29 0.805165
0.590629 0.29 0.78199
0.618446 0.33 0.773375
0.611983 0.35 0.774199
0.604555 0.31 0.777685
0.53 0.29 0.803917
0.55 0.29 0.800413
0.570258 0.29 0.789244
0.101951 0.61 0.636608
0.0815382 0.63 0.635768
0.101951 0.67 0.636609
0.0815382 0.67 0.635661
0.0985493 0.63 0.636543
0.0747338 0.65 0.635479
0.265258 0.51 0.679681
0.265258 0.49 0.679766
0.285671 0.47 0.683201
0.285671 0.45 0.682802
0.42938 0.31 0.789311
0.408337 0.35 0.778846
0.422229 0.33 0.783014
0.0986057 0.79 0.628269
0.101951 0.77 0.628286
0.102077 0.81 0.628372
0.10214 0.83 0.628272
0.45 0.309273 0.793933
0.480478 0.3073 0.796542
0.500528 0.301476 0.79962
0.511301 0.313219 0.793947
0.5842 0.31 0.7835
0.591663 0.35 0.778428
0.598109 0.33 0.778229
0.539809 0.30926 0.793993
0.563727 0.309342 0.78996
0.122365 0.61 0.637712
0.11556 0.63 0.637433
0.122365 0.67 0.63771
0.101951 0.65 0.636699
0.285671 0.51 0.683295
0.285671 0.49 0.683363
0.306084 0.47 0.687074
0.306084 0.45 0.686678
0.45 0.329269 0.786209
0.428657 0.35 0.780514
0.122365 0.77 0.628992
0.115623 0.79 0.628835
0.12259 0.83 0.628979
0.122515 0.81 0.629077
0.470661 0.327238 0.787534
0.530651 0.321244 0.789554
0.491323 0.325206 0.788666
0.518033 0.331294 0.785808
0.571343 0.35 0.781394
0.570981 0.33 0.784114
0.55 0.329269 0.785602
0.142778 0.61 0.638976
0.142778 0.67 0.638977
0.135974 0.63 0.638639
0.129169 0.65 0.638211
0.163191 0.61 0.640395
0.306084 0.51 0.687146
0.312889 0.49 0.68856
0.333302 0.47 0.692652
0.326498 0.45 0.690835
0.45 0.35 0.778473
0.142778 0.77 0.629802
0.136049 0.79 0.629609
0.143041 0.83 0.629793
0.149758 0.81 0.63018
0.475 0.35 0.777965
0.525 0.35 0.77804
0.5 0.35 0.777901
0.55 0.35 0.779064
0.5 0.368168 0.769996
0.163191 0.67 0.640399
0.163191 0.63 0.640497
0.156387 0.65 0.640006
0.180202 0.63 0.641803
0.183605 0.61 0.641971
0.326498 0.51 0.691234
0.340106 0.49 0.69418
0.350313 0.47 0.696402
0.346911 0.45 0.695289
0.45 0.374405 0.767262
0.163191 0.77 0.630706
0.163292 0.79 0.630795
0.163492 0.83 0.6307
0.170196 0.81 0.631122
0.475 0.380804 0.764459
0.52413 0.368091 0.770098
0.55 0.374405 0.767363
0.5 0.387202 0.761674
0.183605 0.67 0.641984
0.183605 0.65 0.642083
0.197213 0.63 0.643217
0.204018 0.61 0.643706
0.346911 0.51 0.695532
0.36052 0.49 0.698657
0.367324 0.47 0.700397
0.367324 0.45 0.700172
0.45 0.4 0.755857
0.183605 0.77 0.631714
0.183717 0.79 0.631807
0.183943 0.83 0.631712
0.190635 0.81 0.632168
0.475 0.4 0.756056
0.55 0.4 0.755738
0.5 0.412798 0.750572
0.525 0.4 0.755968
0.204018 0.67 0.643736
0.204018 0.65 0.643834
0.224431 0.67 0.645659
0.224431 0.63 0.645703
0.224431 0.61 0.645593
0.367324 0.51 0.700015
0.387737 0.45 0.705704
0.380933 0.49 0.703314
0.387737 0.47 0.705642
0.45 0.425595 0.744471
0.204018 0.77 0.632825
0.204143 0.79 0.632919
0.204394 0.83 0.632826
0.211073 0.81 0.633315
0.47587 0.431909 0.742375
0.55 0.425595 0.744026
0.5 0.431832 0.742494
0.525 0.425595 0.74471
0.224431 0.65 0.645746
0.244844 0.67 0.647745
0.241442 0.625 0.647484
0.23804 0.64 0.647154
0.244844 0.61 0.647792
0.387737 0.51 0.704562
0.408151 0.45 0.712503
0.428564 0.45 0.722118
0.408151 0.47 0.711704
0.401346 0.49 0.708035
0.45 0.45 0.732622
0.224431 0.77 0.634038
0.224569 0.79 0.634134
0.224845 0.83 0.634043
0.231511 0.81 0.634566
0.475 0.45 0.735073
0.55 0.45 0.731887
0.5 0.45 0.735077
0.525 0.45 0.734265
0.251649 0.65 0.648583
0.265258 0.67 0.649989
0.258453 0.63 0.649386
0.265258 0.61 0.650033
0.408151 0.51 0.708878
0.428564 0.47 0.719363
0.42176 0.49 0.712576
0.45 0.47 0.725602
0.244844 0.77 0.635353
0.244995 0.79 0.635451
0.245296 0.83 0.635362
0.248548 0.81 0.635686
0.571436 0.45 0.722009
0.4825 0.468 0.728047
0.557381 0.470661 0.723645
0.54 0.466 0.727307
0.51 0.474 0.72594
0.272062 0.65 0.650884
0.285671 0.67 0.652389
0.285671 0.61 0.652419
0.285671 0.63 0.652518
0.306084 0.61 0.654978
0.47 0.488 0.71998
0.428564 0.51 0.712184
0.45 0.49 0.71749
0.265258 0.77 0.636771
0.265421 0.79 0.636871
0.265747 0.83 0.636785
0.265584 0.81 0.636876
0.574913 0.470325 0.717777
0.591849 0.45 0.712872
0.571436 0.49 0.715736
0.475 0.51 0.713781
0.49 0.486 0.721671
0.505 0.492 0.719894
0.55 0.49 0.718908
0.53 0.482 0.72252
0.29928 0.65 0.654175
0.306084 0.67 0.654936
0.306084 0.63 0.655067
0.326498 0.61 0.657704
0.45 0.51 0.713388
0.285671 0.77 0.638292
0.285847 0.79 0.638397
0.286198 0.83 0.638314
0.292827 0.81 0.63893
0.591849 0.47 0.71228
0.571436 0.51 0.713825
0.591849 0.49 0.710787
0.612263 0.45 0.706443
0.612263 0.47 0.706491
0.47587 0.528091 0.708463
0.55 0.51 0.714481
0.5 0.51 0.7142
0.525 0.51 0.714243
0.326498 0.67 0.657641
0.346911 0.61 0.660617
0.326498 0.65 0.657751
0.333302 0.63 0.658741
0.367324 0.61 0.663749
0.45 0.534405 0.706358
0.306084 0.77 0.639916
0.302864 0.79 0.639743
0.313265 0.81 0.640594
0.306649 0.83 0.63994
0.591849 0.51 0.710178
0.612263 0.51 0.705657
0.612263 0.49 0.705941
0.632676 0.45 0.701054
0.632676 0.47 0.701327
0.5 0.534405 0.706801
0.475435 0.547245 0.702826
0.55 0.534405 0.706776
0.525 0.534405 0.706834
0.346911 0.67 0.660471
0.350313 0.63 0.661201
0.346911 0.65 0.660613
0.367324 0.63 0.663793
0.387737 0.61 0.667153
0.45 0.56 0.698834
0.326498 0.77 0.641648
0.319881 0.79 0.64116
0.330301 0.81 0.642061
0.3271 0.83 0.641671
0.45 1 0.650558
0.632676 0.51 0.701031
0.632676 0.49 0.701194
0.653089 0.45 0.696227
0.653089 0.47 0.696585
0.653089 0.49 0.696633
0.5 0.56 0.699236
0.475 0.566399 0.697227
0.525 0.56 0.699155
0.55 0.56 0.698939
0.367324 0.67 0.663442
0.367324 0.65 0.663596
0.387737 0.65 0.666714
0.394542 0.63 0.668298
0.408151 0.61 0.670988
0.45 0.585595 0.691083
0.346911 0.77 0.643483
0.347124 0.79 0.643583
0.347337 0.81 0.643591
0.34755 0.83 0.643501
0.470182 1 0.650662
0.45 0.979003 0.650724
0.653089 0.51 0.696509
0.673502 0.45 0.691777
0.673502 0.47 0.692166
0.673502 0.49 0.692279
0.525 0.585595 0.691618
0.5 0.585595 0.69193
0.475 0.585595 0.691702
0.55 0.585595 0.691016
0.387737 0.67 0.666446
0.428564 0.61 0.675702
0.408151 0.65 0.669796
0.411553 0.63 0.671385
0.45 0.61 0.682896
0.475 0.61 0.685009
0.367324 0.77 0.645432
0.36755 0.79 0.645529
0.368001 0.83 0.645425
0.367776 0.81 0.64552
0.476906 0.986108 0.650792
0.490061 1 0.650713
0.509939 1 0.650712
0.483453 0.971899 0.650939
0.463559 0.972011 0.650865
0.55 1 0.650556
0.45 0.957691 0.650948
0.388452 0.83 0.647428
0.673502 0.51 0.692198
0.693916 0.51 0.688102
0.693916 0.45 0.687631
0.70072 0.49 0.686865
0.693916 0.47 0.688035
0.525856 0.604108 0.686342
0.5 0.61 0.685521
0.55 0.61 0.682219
0.408151 0.67 0.669407
0.428564 0.63 0.674712
0.425087 0.649675 0.672264
0.45 0.63 0.678992
0.495 0.628 0.681419
0.4675 0.627 0.68088
0.387737 0.77 0.647515
0.387976 0.79 0.647588
0.388214 0.81 0.64754
0.529818 1 0.650658
0.498245 0.982634 0.650852
0.519583 0.979161 0.650859
0.49 0.957691 0.651106
0.47 0.957691 0.651053
0.55 0.979003 0.650726
0.47 0.936375 0.651338
0.45 0.936375 0.651233
0.45 0.91506 0.651576
0.408903 0.83 0.649474
0.714329 0.45 0.683753
0.714329 0.51 0.684242
0.721133 0.49 0.683094
0.714329 0.47 0.684154
0.571436 0.61 0.676788
0.53 0.622 0.681882
0.51 0.634 0.680047
0.55 0.63 0.679008
0.428564 0.67 0.671943
0.442619 0.649339 0.674659
0.46 0.644 0.677068
0.49 0.646 0.67779
0.408151 0.77 0.649789
0.408402 0.79 0.649771
0.415457 0.81 0.650317
0.534785 0.968431 0.650908
0.51 0.957691 0.651106
0.49 0.940638 0.65133
0.55 0.957691 0.65095
0.49 0.923586 0.651591
0.47 0.919323 0.651609
0.45 0.893744 0.651973
0.47 0.898007 0.651999
0.429354 0.83 0.651456
0.571436 0.63 0.675899
0.734742 0.45 0.680142
0.734742 0.51 0.68063
0.738144 0.49 0.680131
0.591849 0.61 0.672146
0.741547 0.47 0.679379
0.591849 0.63 0.671921
0.507928 0.660946 0.675168
0.53 0.642 0.67806
0.571436 0.65 0.674143
0.55 0.65 0.676056
0.45 0.67 0.673082
0.47 0.658 0.675206
0.45 0.694405 0.669282
0.485396 0.669823 0.673527
0.428564 0.77 0.652446
0.428827 0.79 0.652102
0.432523 0.810208 0.652014
0.51 0.91506 0.651738
0.53 0.940638 0.651273
0.51 0.936375 0.651391
0.55 0.936375 0.651234
0.45 0.872428 0.652412
0.51 0.898007 0.65206
0.49 0.90227 0.651971
0.47 0.872428 0.65254
0.48 0.885218 0.652306
0.45 0.810422 0.653458
0.45 0.851114 0.652858
0.45 0.83 0.653091
0.591849 0.65 0.670976
0.571436 0.67 0.672958
0.755156 0.45 0.676782
0.755156 0.51 0.677268
0.755156 0.49 0.677342
0.612263 0.61 0.668333
0.768764 0.47 0.675059
0.612263 0.65 0.66785
0.619067 0.63 0.667141
0.45 0.72 0.665232
0.501151 0.681921 0.67164
0.525856 0.675892 0.672636
0.55 0.67 0.673589
0.475 0.694405 0.66948
0.500583 0.700732 0.668603
0.45 0.745595 0.661016
0.45 0.77 0.656376
0.45 0.79044 0.654509
0.53 0.910797 0.651758
0.55 0.91506 0.651578
0.53 0.893744 0.652086
0.469578 0.798473 0.65513
0.47 0.851114 0.653051
0.51 0.880955 0.652425
0.49 0.872428 0.652621
0.469578 0.818253 0.654067
0.469789 0.834684 0.653485
0.612263 0.67 0.667605
0.591849 0.67 0.670548
0.775569 0.45 0.673656
0.775569 0.51 0.67415
0.782373 0.49 0.673236
0.632676 0.61 0.664913
0.632676 0.67 0.664581
0.795982 0.47 0.671164
0.63948 0.65 0.663741
0.646285 0.63 0.662856
0.475 0.726399 0.664454
0.525 0.694405 0.669605
0.55 0.694405 0.669493
0.525 0.72 0.665506
0.5 0.72 0.665573
0.475 0.745595 0.661528
0.475 0.77 0.658056
0.55 0.893744 0.651976
0.53 0.876692 0.65245
0.489157 0.806506 0.655147
0.49451 0.788485 0.65661
0.49 0.851114 0.653193
0.51 0.863903 0.652839
0.49 0.83 0.653919
0.795982 0.45 0.67077
0.795982 0.51 0.671269
0.802787 0.49 0.670442
0.653089 0.61 0.661768
0.816395 0.45 0.668148
0.653089 0.67 0.661627
0.8232 0.47 0.667709
0.666698 0.65 0.659833
0.673502 0.63 0.658935
0.5 0.745595 0.66175
0.55 0.72 0.66533
0.525 0.739196 0.662513
0.5 0.77 0.658529
0.55 0.872428 0.65242
0.53 0.851114 0.653066
0.504842 0.822305 0.654303
0.50912 0.794528 0.656002
0.51 0.838446 0.653607
0.816395 0.51 0.668635
0.8232 0.49 0.667888
0.673502 0.61 0.658844
0.836809 0.45 0.665765
0.673502 0.67 0.658781
0.843613 0.49 0.665584
0.850418 0.47 0.664682
0.693916 0.65 0.656185
0.693916 0.63 0.656201
0.525856 0.764108 0.6588
0.55 0.745595 0.661101
0.52956 0.782264 0.65655
0.55 0.851114 0.652869
0.52956 0.802475 0.654914
0.53 0.834223 0.653517
0.519684 0.814611 0.654543
0.836809 0.51 0.666247
0.693916 0.61 0.656109
0.857222 0.45 0.663613
0.693916 0.67 0.656076
0.857222 0.51 0.6641
0.860624 0.49 0.663844
0.877635 0.47 0.662094
0.714329 0.65 0.653634
0.714329 0.63 0.653645
0.714329 0.61 0.653535
0.55 0.79044 0.65453
0.55 0.77 0.656322
0.55 0.83 0.653109
0.55 0.810422 0.653554
0.877635 0.45 0.661702
0.714329 0.67 0.653529
0.877635 0.51 0.662195
0.877635 0.49 0.662265
0.898049 0.47 0.660439
0.734742 0.65 0.65124
0.734742 0.61 0.651147
0.734742 0.63 0.651241
0.570909 0.81 0.651806
0.571173 0.79 0.652219
0.571436 0.77 0.652518
0.570646 0.83 0.651561
0.898049 0.45 0.66004
0.734742 0.67 0.651144
0.755156 0.65 0.649021
0.898049 0.51 0.660532
0.904853 0.49 0.660098
0.918462 0.45 0.658614
0.918462 0.47 0.659011
0.755156 0.67 0.648906
0.755156 0.61 0.648912
0.76196 0.63 0.648303
0.587945 0.81 0.650078
0.591598 0.79 0.649883
0.591849 0.77 0.64989
0.591097 0.83 0.649576
0.775569 0.65 0.646951
0.918462 0.51 0.659104
0.925266 0.49 0.658753
0.938875 0.45 0.657424
0.938875 0.47 0.657827
0.775569 0.67 0.646844
0.775569 0.61 0.646844
0.789178 0.63 0.645653
0.612263 0.77 0.647621
0.604982 0.81 0.648336
0.612024 0.79 0.647693
0.611548 0.83 0.647541
0.79258 0.65 0.645347
0.938875 0.51 0.657932
0.952484 0.49 0.657335
0.959288 0.47 0.656862
0.959288 0.45 0.656453
0.795982 0.67 0.644935
0.795982 0.61 0.644931
0.806189 0.63 0.644145
0.632676 0.77 0.645541
0.639267 0.79 0.644972
0.632224 0.81 0.645629
0.631999 0.83 0.645534
0.809591 0.65 0.643858
0.959288 0.51 0.656997
0.979701 0.49 0.656353
0.979701 0.45 0.65569
0.979701 0.47 0.656111
0.816395 0.67 0.643187
0.816395 0.61 0.643186
0.8232 0.63 0.642744
0.652663 0.81 0.643698
0.653089 0.77 0.643587
0.659693 0.79 0.643066
0.65245 0.83 0.643608
0.826602 0.65 0.642482
1 0.489963 0.655905
1 0.51 0.65594
0.979701 0.51 0.65632
1 0.45 0.655108
1 0.470037 0.655552
0.836809 0.67 0.641602
0.836809 0.61 0.641607
0.843613 0.65 0.641214
0.850418 0.63 0.64074
0.669699 0.81 0.642164
0.680119 0.79 0.641267
0.673502 0.77 0.64175
0.6729 0.83 0.641776
0.857222 0.67 0.640181
0.857222 0.61 0.640178
0.867429 0.63 0.639632
0.870831 0.65 0.639415
0.686735 0.81 0.640699
0.697136 0.79 0.639848
0.693916 0.77 0.640021
0.693351 0.83 0.640045
0.877635 0.67 0.638913
0.877635 0.61 0.638913
0.88444 0.63 0.638636
0.898049 0.65 0.637907
0.707173 0.81 0.639037
0.714153 0.79 0.6385
0.714329 0.77 0.638396
0.713802 0.83 0.638416
0.898049 0.67 0.637807
0.91506 0.65 0.63711
0.898049 0.61 0.637806
0.901451 0.63 0.637743
0.727612 0.81 0.637479
0.734579 0.79 0.636976
0.734742 0.77 0.636876
0.734253 0.83 0.636891
0.918462 0.63 0.636967
0.918462 0.67 0.63686
0.932071 0.65 0.636423
0.918462 0.61 0.636854
0.74805 0.81 0.636023
0.755005 0.79 0.635555
0.755156 0.77 0.635458
0.754704 0.83 0.635468
0.938875 0.63 0.636175
0.938875 0.67 0.636072
0.949082 0.65 0.635844
0.938875 0.61 0.636072
0.775569 0.77 0.634143
0.768489 0.81 0.63467
0.775431 0.79 0.634236
0.775155 0.83 0.634149
0.955886 0.63 0.635639
0.959288 0.67 0.635444
0.966092 0.65 0.635374
0.959288 0.61 0.635443
0.795982 0.77 0.632931
0.788927 0.81 0.633423
0.802674 0.79 0.632639
0.795606 0.83 0.632932
0.972897 0.63 0.635211
0.979701 0.67 0.634981
0.983046 0.649981 0.635014
0.979701 0.61 0.63498
0.816395 0.77 0.631818
0.809365 0.81 0.632272
0.823099 0.79 0.631562
0.816057 0.83 0.631816
1 0.630037 0.634738
1 0.67 0.634693
1 0.649963 0.634747
1 0.61 0.634693
0.836809 0.77 0.630808
0.829804 0.81 0.631226
0.843525 0.79 0.630586
0.836508 0.83 0.630803
0.857222 0.77 0.629901
0.863951 0.79 0.629712
0.850242 0.81 0.630282
0.856959 0.83 0.629892
0.877635 0.77 0.629096
0.884377 0.79 0.628942
0.87068 0.81 0.629438
0.87741 0.83 0.629086
0.898049 0.77 0.62839
0.901394 0.79 0.628372
0.897923 0.81 0.628474
0.89786 0.83 0.628375
0.918361 0.81 0.627872
0.918462 0.77 0.627786
0.918412 0.79 0.627872
0.918311 0.83 0.627771
0.932008 0.8 0.627541
0.935385 0.815 0.627429
0.938875 0.77 0.627288
0.945654 0.79 0.627226
0.938762 0.83 0.627266
0.952434 0.81 0.62709
0.959288 0.77 0.626886
0.96608 0.79 0.626862
0.959213 0.83 0.626865
0.972872 0.81 0.626752
0.979701 0.77 0.626589
0.98304 0.790019 0.626637
0.979663 0.83 0.626565
1 0.809963 0.626461
1 0.77 0.626397
1 0.790037 0.626478
1 0.83 0.62636
