# x y T
0 0.13 0.796577
0 0.150037 0.796848
1 0.150037 0.797304
1 0.13 0.797035
0 0.169963 0.796848
0 0.19 0.796577
0.0203322 0.13 0.797129
0.0203383 0.15 0.797399
1 0.19 0.797031
1 0.169963 0.797301
0.979668 0.13 0.797587
0.979662 0.15 0.797857
0.0203445 0.17 0.797399
0.0203507 0.19 0.797129
0.0407779 0.13 0.797964
0.0407903 0.15 0.798235
0.979649 0.19 0.797584
0.979656 0.17 0.797851
0.95921 0.15 0.798701
0.959222 0.13 0.798425
0.0408151 0.19 0.797966
0.0408027 0.17 0.798236
0.0612243 0.13 0.799083
0.0612429 0.15 0.799355
0.959185 0.19 0.79843
0.952382 0.17 0.799028
0.942168 0.15 0.799613
0.938776 0.13 0.799541
0.0612801 0.19 0.799085
0.0612615 0.17 0.799355
0.0816955 0.15 0.800759
0.0816707 0.13 0.800485
0.93872 0.19 0.799544
0.931923 0.17 0.800248
0.925126 0.15 0.800721
0.918329 0.13 0.800944
0.0817451 0.19 0.800488
0.0817203 0.17 0.800757
0.0987372 0.15 0.802148
0.102117 0.13 0.802171
0.918255 0.19 0.800949
0.911464 0.17 0.801752
0.904674 0.15 0.802308
0.897883 0.13 0.802628
0.10221 0.19 0.802176
0.102179 0.17 0.80244
0.115779 0.15 0.803739
0.122563 0.13 0.804145
0.89779 0.19 0.802636
0.894413 0.17 0.80322
0.884221 0.15 0.804184
0.877437 0.13 0.804598
0.122675 0.19 0.804159
0.129453 0.17 0.805135
0.136232 0.15 0.80589
0.14301 0.13 0.806396
0.877362 0.17 0.804881
0.877325 0.19 0.80461
0.863768 0.15 0.806348
0.85699 0.13 0.806854
0.14314 0.19 0.806409
0.149912 0.17 0.807492
0.156684 0.15 0.808334
0.163456 0.13 0.808933
0.85686 0.19 0.806868
0.856903 0.17 0.807137
0.843316 0.15 0.808797
0.836544 0.13 0.809398
0 0.29 0.749937
0 0.32 0.750041
0.0122144 0.303573 0.750128
0 0.35 0.749913
0.163605 0.19 0.808953
0.170371 0.17 0.810134
0.183903 0.13 0.811766
0.177137 0.15 0.81106
1 0.35 0.749824
1 0.32 0.749953
1 0.29 0.749849
0.987786 0.303573 0.75004
0.836395 0.19 0.809414
0.836445 0.17 0.809676
0.822863 0.15 0.811538
0.816097 0.13 0.812227
0.022255 0.35 0.750162
0.0223067 0.29 0.750174
0.0290628 0.31 0.750384
0.0222722 0.33 0.750275
0.18407 0.19 0.81178
0.187437 0.175 0.812506
0.190805 0.16 0.813092
0.204349 0.13 0.814869
0.204411 0.15 0.81515
0.977745 0.35 0.750074
0.977728 0.33 0.750187
0.977693 0.29 0.750086
0.970937 0.31 0.750296
0.81593 0.19 0.812256
0.80917 0.17 0.813517
0.802411 0.15 0.814547
0.795651 0.13 0.815346
0.0425751 0.35 0.750515
0.0426785 0.29 0.750527
0.0460307 0.31 0.750704
0.0426096 0.33 0.750629
0.204535 0.19 0.814902
0.204473 0.17 0.815164
0.224795 0.13 0.818273
0.221453 0.15 0.817982
0.957425 0.35 0.750427
0.95739 0.33 0.750541
0.957321 0.29 0.750438
0.953969 0.31 0.750615
0.795465 0.19 0.815371
0.788712 0.17 0.816746
0.775136 0.15 0.819022
0.775205 0.13 0.818737
0.0628952 0.35 0.750984
0.0630503 0.29 0.750997
0.0629986 0.31 0.751104
0.0629469 0.33 0.751099
0.225 0.19 0.818316
0.231747 0.17 0.819765
0.245242 0.13 0.821966
0.238495 0.15 0.820995
0.937105 0.35 0.750896
0.937053 0.33 0.751011
0.93695 0.29 0.75091
0.937001 0.31 0.751014
0.775 0.19 0.818774
0.77166 0.17 0.819639
0.758095 0.15 0.822087
0.754758 0.13 0.822428
0.0834222 0.29 0.751585
0.0832153 0.35 0.751569
0.0833532 0.31 0.751689
0.0832843 0.33 0.751685
0.245465 0.19 0.822007
0.252206 0.17 0.823567
0.265688 0.13 0.825957
0.258947 0.15 0.824876
0.916785 0.35 0.751482
0.916716 0.33 0.751599
0.916578 0.29 0.751501
0.909873 0.31 0.751821
0.754535 0.19 0.822472
0.754609 0.17 0.822738
0.741053 0.15 0.825353
0.734312 0.13 0.826419
0.103794 0.29 0.752289
0.103708 0.31 0.75239
0.103535 0.35 0.752269
0.103622 0.33 0.752387
0.26593 0.19 0.825998
0.272665 0.17 0.827661
0.286135 0.13 0.830224
0.286221 0.15 0.830517
0.896465 0.35 0.752181
0.896378 0.33 0.752298
0.896206 0.29 0.752199
0.892906 0.31 0.752432
0.47024 0 1
0.45 0 1
0.73407 0.19 0.826464
0.734151 0.17 0.826728
0.7206 0.15 0.829537
0.713865 0.13 0.830703
0.55 0 1
0.52976 0 1
0.49008 0 1
0.50992 0 1
0.523018 0.0141005 0.988471
0.480548 0.0211508 0.982728
0.123959 0.33 0.753207
0.124166 0.29 0.753111
0.130836 0.31 0.753506
0.123856 0.35 0.753086
0.286395 0.19 0.830276
0.293124 0.17 0.83203
0.306581 0.13 0.8348
0.306674 0.15 0.835098
0.876041 0.33 0.753115
0.876144 0.35 0.752997
0.875834 0.29 0.753019
0.875938 0.31 0.75312
0.463633 0.0284718 0.976682
0.45 0.0213636 0.982397
0.713605 0.19 0.830747
0.713692 0.17 0.831007
0.700148 0.15 0.83402
0.693419 0.13 0.835293
0.55 0.0213636 0.982385
0.536367 0.0284718 0.976667
0.516594 0.0284339 0.976795
0.501783 0.0176257 0.985618
0.485274 0.0386868 0.96847
0 0.489963 0.660279
0 0.51 0.660248
0 0.470037 0.660117
0 0.45 0.659838
0.140901 0.33 0.753975
0.144538 0.29 0.754044
0.15119 0.31 0.754481
0.144176 0.35 0.754016
0.30686 0.19 0.834843
0.313582 0.17 0.836696
0.327027 0.13 0.839687
0.327127 0.15 0.839978
0.855704 0.33 0.754051
0.855824 0.35 0.753929
0.855462 0.29 0.753958
0.84881 0.31 0.75439
0.47 0.0431484 0.964777
0.45 0.0431484 0.96461
0.69314 0.19 0.835333
0.686418 0.17 0.837179
0.672873 0.15 0.840453
0.672973 0.13 0.840167
0.55 0.0431484 0.964586
0.53 0.0431484 0.964756
0.51 0.0431484 0.964851
0.49 0.0562229 0.954279
0.0169538 0.489981 0.660574
0.0202992 0.51 0.660571
0.0202992 0.45 0.660265
0.0202992 0.47 0.660535
0.157843 0.33 0.754824
0.164909 0.29 0.755096
0.171545 0.31 0.755572
0.164496 0.35 0.755064
0.327325 0.19 0.839692
0.334041 0.17 0.841651
0.347579 0.15 0.845176
0.347474 0.13 0.844908
0.838762 0.33 0.754916
0.835504 0.35 0.754975
0.835091 0.29 0.755007
0.828455 0.31 0.755481
0.47 0.0649392 0.947127
0.45 0.0649392 0.946925
0.672675 0.19 0.840178
0.665959 0.17 0.842134
0.652421 0.15 0.845656
0.652526 0.13 0.845387
0.49 0.0736555 0.940254
0.55 0.0649392 0.946881
0.53 0.0649392 0.947088
0.51 0.0649392 0.947223
0.0407116 0.51 0.661125
0.0339075 0.49 0.661004
0.0407116 0.45 0.660861
0.0407116 0.47 0.661121
0.17818 0.33 0.755948
0.188513 0.31 0.75657
0.185281 0.29 0.756264
0.184816 0.35 0.756226
0.34779 0.19 0.8448
0.3545 0.17 0.846877
0.364621 0.15 0.849776
0.36792 0.13 0.850542
0.82182 0.33 0.755862
0.815184 0.35 0.756138
0.814719 0.29 0.756176
0.808101 0.31 0.756688
0.47 0.0867301 0.929562
0.49 0.0910869 0.926357
0.45 0.0867301 0.929229
0.65221 0.19 0.845289
0.6455 0.17 0.847362
0.635379 0.15 0.850259
0.63208 0.13 0.851016
0.51 0.0954453 0.922842
0.55 0.0867301 0.929154
0.53 0.0867301 0.929504
0.0611249 0.51 0.661884
0.0543206 0.49 0.661703
0.0611249 0.45 0.661642
0.0679294 0.47 0.662192
0.198518 0.33 0.75719
0.205481 0.31 0.757647
0.205653 0.29 0.75755
0.205136 0.35 0.757505
0.368255 0.19 0.850089
0.371551 0.17 0.851407
0.381663 0.15 0.85467
0.388367 0.13 0.856828
0.801482 0.33 0.757103
0.794864 0.35 0.757416
0.794347 0.29 0.757462
0.787746 0.31 0.758012
0.49 0.108518 0.912753
0.45 0.108518 0.911077
0.47 0.104161 0.915582
0.631745 0.19 0.850593
0.625041 0.17 0.85282
0.618337 0.15 0.855151
0.611633 0.13 0.857275
0.53 0.108518 0.91196
0.51 0.121407 0.9028
0.55 0.108518 0.911055
0.0815382 0.51 0.662838
0.0747338 0.49 0.66259
0.0815382 0.45 0.662599
0.0883426 0.47 0.663222
0.218855 0.33 0.75855
0.225835 0.31 0.759047
0.226025 0.29 0.758953
0.225456 0.35 0.758901
0.38872 0.19 0.855366
0.45 0.13 0.891248
0.388602 0.17 0.856017
0.402115 0.15 0.861065
0.408813 0.13 0.864466
0.429259 0.13 0.876029
0.781145 0.33 0.75846
0.774544 0.35 0.758811
0.773975 0.29 0.758863
0.770778 0.31 0.759204
0.49 0.13 0.896658
0.47 0.13 0.895501
0.61128 0.19 0.855883
0.60799 0.17 0.857457
0.591187 0.13 0.864775
0.597885 0.15 0.861566
0.503333 0.14 0.889782
0.570741 0.13 0.875652
0.53 0.125704 0.898272
0.55 0.13 0.891005
0.108756 0.48 0.664499
0.101951 0.51 0.663991
0.0951471 0.49 0.663673
0.101951 0.45 0.66375
0.105354 0.465 0.664173
0.239192 0.33 0.760024
0.24619 0.31 0.760566
0.246397 0.29 0.760474
0.245776 0.35 0.760417
0.266769 0.29 0.762111
0.409185 0.19 0.860167
0.45 0.15 0.87926
0.415876 0.17 0.863025
0.422568 0.15 0.868378
0.760808 0.33 0.759935
0.754224 0.35 0.760323
0.75381 0.31 0.760476
0.753603 0.29 0.760383
0.486667 0.15 0.882821
0.466667 0.16 0.875029
0.590815 0.19 0.860607
0.590939 0.17 0.861949
0.577432 0.15 0.86891
0.5 0.16 0.876524
0.516667 0.15 0.882608
0.556784 0.15 0.877692
0.536725 0.15 0.881185
0.122365 0.51 0.665336
0.122365 0.47 0.665359
0.122365 0.49 0.665416
0.122365 0.45 0.665099
0.26632 0.33 0.762176
0.266544 0.31 0.762196
0.266096 0.35 0.762042
0.28714 0.29 0.76387
0.429649 0.19 0.862917
0.45155 0.175 0.865728
0.436433 0.17 0.866836
0.466667 0.18 0.863722
0.74047 0.33 0.761527
0.733904 0.35 0.761955
0.733456 0.31 0.762111
0.733231 0.29 0.762022
0.71286 0.29 0.763778
0.483333 0.17 0.869963
0.505 0.175 0.867125
0.570351 0.19 0.863477
0.563567 0.17 0.867594
0.523333 0.17 0.869939
0.543392 0.17 0.869072
0.142778 0.51 0.666876
0.139376 0.47 0.666631
0.149582 0.49 0.667521
0.142778 0.45 0.666637
0.283262 0.33 0.763629
0.293672 0.31 0.76456
0.286416 0.35 0.763786
0.307512 0.29 0.765744
0.45 0.19 0.859572
0.47 0.194013 0.855592
0.713342 0.33 0.763832
0.713584 0.35 0.763698
0.713101 0.31 0.763861
0.692488 0.29 0.765658
0.51 0.19 0.858011
0.49 0.198027 0.853035
0.55 0.19 0.859773
0.53 0.19 0.858296
0.52 0.202029 0.850705
0.163191 0.51 0.668609
0.156387 0.47 0.668026
0.166594 0.49 0.669014
0.163191 0.45 0.668375
0.183605 0.45 0.670297
0.300204 0.33 0.765154
0.31064 0.31 0.766149
0.306737 0.35 0.765644
0.327884 0.29 0.76775
0 0.77 0.615105
0 0.790037 0.615184
0 0.83 0.61505
0 0.809963 0.615163
0.45 0.210067 0.845833
0.49 0.214025 0.843195
0.47 0.210067 0.845666
0.699658 0.32 0.765106
0.693263 0.35 0.765565
0.685973 0.31 0.766384
0.672116 0.29 0.767657
0.51 0.218049 0.84076
0.55 0.210067 0.846045
0.53 0.214058 0.843304
0 0.61 0.635084
0.183605 0.51 0.670539
0.183605 0.49 0.670633
0.183605 0.47 0.670552
0.204018 0.45 0.672428
0.320542 0.33 0.767091
0.327608 0.31 0.767822
0.327057 0.35 0.767614
0.348256 0.29 0.769895
0.347963 0.31 0.769942
0.0202992 0.77 0.615313
0.0203117 0.79 0.615398
0.0203367 0.83 0.615274
0.0271283 0.81 0.61548
0.45 0.230022 0.83307
0.49 0.230022 0.833319
0.47 0.230022 0.833199
0.679458 0.33 0.767002
0.672943 0.35 0.767528
0.665618 0.31 0.768421
0.651744 0.29 0.769796
0.51 0.238004 0.828434
0.53 0.234013 0.830798
0.55 0.230022 0.833185
0.0202992 0.61 0.635318
0 0.649963 0.635166
0 0.630037 0.635167
0 0.67 0.635082
0.0202992 0.63 0.63541
0.0202992 0.67 0.635316
0.204018 0.51 0.672662
0.204018 0.49 0.672763
0.210822 0.47 0.673432
0.224431 0.45 0.674744
0.34767 0.33 0.769849
0.347377 0.35 0.769675
0.368628 0.29 0.772223
0.368007 0.33 0.772024
0.368317 0.31 0.772209
0.0407116 0.77 0.615633
0.0407367 0.79 0.615722
0.0407869 0.83 0.615599
0.0475662 0.81 0.615846
0.45 0.249978 0.820392
0.49 0.249978 0.821075
0.47 0.253969 0.818272
0.65233 0.33 0.769764
0.652623 0.35 0.769592
0.631372 0.29 0.772112
0.645264 0.31 0.770585
0.53 0.249978 0.820824
0.51 0.253969 0.81869
0.55 0.249978 0.820465
0.0407116 0.61 0.635678
0.0202992 0.65 0.635407
0.0407116 0.63 0.635777
0.0407116 0.67 0.635677
0.224431 0.51 0.674992
0.224431 0.49 0.675078
0.231236 0.47 0.675818
0.244844 0.45 0.677274
0.367697 0.35 0.7718
0.388999 0.29 0.774852
0.388672 0.31 0.774673
0.384949 0.33 0.773866
0.0611626 0.79 0.616156
0.0611249 0.77 0.616066
0.0612378 0.83 0.616035
0.0646024 0.81 0.616233
0.45 0.269933 0.807203
0.47 0.269933 0.80838
0.49 0.269933 0.809167
0.635388 0.33 0.771574
0.632303 0.35 0.771718
0.611001 0.29 0.774709
0.624909 0.31 0.772912
0.51 0.269933 0.809195
0.53 0.265942 0.810889
0.55 0.269933 0.80729
0.0611249 0.61 0.63616
0.0815382 0.61 0.63677
0.0475161 0.65 0.635918
0.0611249 0.63 0.636266
0.0611249 0.67 0.636163
0.244844 0.51 0.677509
0.244844 0.49 0.677604
0.258453 0.47 0.679309
0.265258 0.45 0.679987
0.409371 0.29 0.778107
0.388017 0.35 0.773878
0.409027 0.31 0.777467
0.401891 0.33 0.77566
0.0815884 0.79 0.616702
0.0815382 0.77 0.616609
0.0816385 0.81 0.616695
0.0816887 0.83 0.616582
0.45 0.29 0.792043
0.429742 0.29 0.782928
0.47 0.29 0.796299
0.49 0.29 0.797919
0.51 0.29 0.797915
0.590629 0.29 0.777884
0.618446 0.33 0.773417
0.611983 0.35 0.77379
0.604555 0.31 0.775466
0.53 0.29 0.796423
0.55 0.29 0.792159
0.570258 0.29 0.782567
0.101951 0.61 0.637498
0.0815382 0.63 0.63687
0.101951 0.67 0.637498
0.0815382 0.67 0.636768
0.0985493 0.63 0.637469
0.0747338 0.65 0.636646
0.265258 0.51 0.680219
0.265258 0.49 0.680322
0.285671 0.47 0.683158
0.285671 0.45 0.6829
0.42938 0.31 0.780885
0.408337 0.35 0.775583
0.422229 0.33 0.77754
0.0986057 0.79 0.617241
0.101951 0.77 0.617265
0.102077 0.81 0.617351
0.10214 0.83 0.61724
0.45 0.309273 0.785114
0.480478 0.3073 0.789112
0.500528 0.301476 0.792354
0.511301 0.313219 0.786732
0.5842 0.31 0.77841
0.591663 0.35 0.775475
0.598109 0.33 0.775603
0.539809 0.30926 0.786418
0.563727 0.309342 0.782218
0.122365 0.61 0.638352
0.11556 0.63 0.638156
0.122365 0.67 0.63835
0.101951 0.65 0.63759
0.285671 0.51 0.683139
0.285671 0.49 0.683226
0.306084 0.47 0.686283
0.306084 0.45 0.686026
0.45 0.329269 0.779005
0.428657 0.35 0.775966
0.122365 0.77 0.618032
0.115623 0.79 0.617857
0.12259 0.83 0.618008
0.122515 0.81 0.618117
0.470661 0.327238 0.780249
0.530651 0.321244 0.782372
0.491323 0.325206 0.781481
0.518033 0.331294 0.778745
0.571343 0.35 0.776118
0.570981 0.33 0.77803
0.55 0.329269 0.778891
0.142778 0.61 0.639329
0.142778 0.67 0.639329
0.135974 0.63 0.639087
0.129169 0.65 0.638756
0.163191 0.61 0.640423
0.306084 0.51 0.686248
0.312889 0.49 0.687422
0.333302 0.47 0.690775
0.326498 0.45 0.689374
0.45 0.35 0.772937
0.142778 0.77 0.618911
0.136049 0.79 0.618697
0.143041 0.83 0.618892
0.149758 0.81 0.619314
0.475 0.35 0.771254
0.525 0.35 0.77122
0.5 0.35 0.770942
0.55 0.35 0.772917
0.5 0.368168 0.762986
0.163191 0.67 0.640425
0.163191 0.63 0.640522
0.156387 0.65 0.640141
0.180202 0.63 0.641531
0.183605 0.61 0.641641
0.326498 0.51 0.689547
0.340106 0.49 0.691957
0.350313 0.47 0.693787
0.346911 0.45 0.69295
0.45 0.374405 0.760614
0.163191 0.77 0.619894
0.163292 0.79 0.619985
0.163492 0.83 0.619877
0.170196 0.81 0.620338
0.475 0.380804 0.757453
0.52413 0.368091 0.763153
0.55 0.374405 0.760481
0.5 0.387202 0.754499
0.183605 0.67 0.641645
0.183605 0.65 0.641742
0.197213 0.63 0.642624
0.204018 0.61 0.642986
0.346911 0.51 0.693014
0.36052 0.49 0.695568
0.367324 0.47 0.696983
0.367324 0.45 0.696848
0.45 0.4 0.748586
0.183605 0.77 0.620988
0.183717 0.79 0.621084
0.183943 0.83 0.620976
0.190635 0.81 0.621474
0.475 0.4 0.748758
0.55 0.4 0.748435
0.5 0.412798 0.743105
0.525 0.4 0.748657
0.204018 0.67 0.642993
0.204018 0.65 0.643092
0.224431 0.67 0.644468
0.224431 0.63 0.644551
0.224431 0.61 0.644446
0.367324 0.51 0.696623
0.387737 0.45 0.701225
0.380933 0.49 0.699317
0.387737 0.47 0.701144
0.45 0.425595 0.73669
0.204018 0.77 0.622195
0.204143 0.79 0.622293
0.204394 0.83 0.622187
0.211073 0.81 0.622721
0.47587 0.431909 0.734592
0.55 0.425595 0.73633
0.5 0.431832 0.734818
0.525 0.425595 0.737087
0.224431 0.65 0.64456
0.244844 0.67 0.646069
0.241442 0.625 0.645879
0.23804 0.64 0.645637
0.244844 0.61 0.646083
0.387737 0.51 0.700264
0.408151 0.45 0.706543
0.428564 0.45 0.714026
0.408151 0.47 0.705878
0.401346 0.49 0.703099
0.45 0.45 0.724141
0.224431 0.77 0.623513
0.224569 0.79 0.623613
0.224845 0.83 0.623509
0.231511 0.81 0.62408
0.475 0.45 0.727032
0.55 0.45 0.723685
0.5 0.45 0.727269
0.525 0.45 0.726406
0.251649 0.65 0.646729
0.265258 0.67 0.647791
0.258453 0.63 0.647319
0.265258 0.61 0.647806
0.408151 0.51 0.703657
0.428564 0.47 0.711693
0.42176 0.49 0.706683
0.45 0.47 0.717296
0.244844 0.77 0.624942
0.244995 0.79 0.625043
0.245296 0.83 0.624942
0.248548 0.81 0.625296
0.571436 0.45 0.713926
0.4825 0.468 0.7202
0.557381 0.470661 0.715563
0.54 0.466 0.719337
0.51 0.474 0.718142
0.272062 0.65 0.648496
0.285671 0.67 0.649639
0.285671 0.61 0.649645
0.285671 0.63 0.649744
0.306084 0.61 0.651616
0.47 0.488 0.712381
0.428564 0.51 0.706038
0.45 0.49 0.710344
0.265258 0.77 0.626483
0.265421 0.79 0.626587
0.265747 0.83 0.626488
0.265584 0.81 0.62659
0.574913 0.470325 0.710664
0.591849 0.45 0.706787
0.571436 0.49 0.708848
0.475 0.51 0.70616
0.49 0.486 0.713931
0.505 0.492 0.712131
0.55 0.49 0.711295
0.53 0.482 0.714726
0.29928 0.65 0.65103
0.306084 0.67 0.651601
0.306084 0.63 0.65171
0.326498 0.61 0.653714
0.45 0.51 0.706177
0.285671 0.77 0.628135
0.285847 0.79 0.628245
0.286198 0.83 0.62815
0.292827 0.81 0.628822
0.591849 0.47 0.706292
0.571436 0.51 0.707125
0.591849 0.49 0.705078
0.612263 0.45 0.701698
0.612263 0.47 0.701689
0.47587 0.528091 0.700701
0.55 0.51 0.706939
0.5 0.51 0.706442
0.525 0.51 0.706503
0.326498 0.67 0.653686
0.346911 0.61 0.655949
0.326498 0.65 0.65379
0.333302 0.63 0.654534
0.367324 0.61 0.658349
0.45 0.534405 0.698631
0.306084 0.77 0.629901
0.302864 0.79 0.629708
0.313265 0.81 0.63063
0.306649 0.83 0.629917
0.591849 0.51 0.70447
0.612263 0.51 0.700931
0.612263 0.49 0.701225
0.632676 0.45 0.6974
0.632676 0.47 0.697562
0.5 0.534405 0.698928
0.475435 0.547245 0.694892
0.55 0.534405 0.69894
0.525 0.534405 0.698958
0.346911 0.67 0.655875
0.350313 0.63 0.656422
0.346911 0.65 0.655998
0.367324 0.63 0.658407
0.387737 0.61 0.660959
0.45 0.56 0.69078
0.326498 0.77 0.631783
0.319881 0.79 0.631247
0.330301 0.81 0.632224
0.3271 0.83 0.631798
0.45 1 0.641641
0.632676 0.51 0.69724
0.632676 0.49 0.697416
0.653089 0.45 0.69353
0.653089 0.47 0.693758
0.653089 0.49 0.693745
0.5 0.56 0.691179
0.475 0.566399 0.689114
0.525 0.56 0.691097
0.55 0.56 0.690883
0.367324 0.67 0.658171
0.367324 0.65 0.658311
0.387737 0.65 0.660722
0.394542 0.63 0.661845
0.408151 0.61 0.663939
0.45 0.585595 0.682719
0.346911 0.77 0.633777
0.347124 0.79 0.633881
0.347337 0.81 0.633888
0.34755 0.83 0.633787
0.470182 1 0.641747
0.45 0.979003 0.641811
0.653089 0.51 0.693607
0.673502 0.45 0.689952
0.673502 0.47 0.690202
0.673502 0.49 0.690236
0.525 0.585595 0.683373
0.5 0.585595 0.683684
0.475 0.585595 0.683413
0.55 0.585595 0.682755
0.387737 0.67 0.6605
0.428564 0.61 0.667764
0.408151 0.65 0.663114
0.411553 0.63 0.664204
0.45 0.61 0.674111
0.475 0.61 0.676524
0.367324 0.77 0.635894
0.36755 0.79 0.635996
0.368001 0.83 0.635879
0.367776 0.81 0.635985
0.476906 0.986108 0.641881
0.490061 1 0.6418
0.509939 1 0.641799
0.483453 0.971899 0.642032
0.463559 0.972011 0.641956
0.55 1 0.64164
0.45 0.957691 0.642041
0.388452 0.83 0.638059
0.673502 0.51 0.690136
0.693916 0.51 0.686833
0.693916 0.45 0.686612
0.70072 0.49 0.685868
0.693916 0.47 0.686874
0.525856 0.604108 0.677973
0.5 0.61 0.677133
0.55 0.61 0.673726
0.408151 0.67 0.662762
0.428564 0.63 0.666777
0.425087 0.649675 0.665006
0.45 0.63 0.670297
0.495 0.628 0.672982
0.4675 0.627 0.672315
0.387737 0.77 0.638156
0.387976 0.79 0.638233
0.388214 0.81 0.638181
0.529818 1 0.641743
0.498245 0.982634 0.641942
0.519583 0.979161 0.64195
0.49 0.957691 0.642203
0.47 0.957691 0.642148
0.55 0.979003 0.641813
0.47 0.936375 0.642441
0.45 0.936375 0.642333
0.45 0.91506 0.642684
0.408903 0.83 0.64029
0.714329 0.45 0.683485
0.714329 0.51 0.683719
0.721133 0.49 0.682825
0.714329 0.47 0.683744
0.571436 0.61 0.668253
0.53 0.622 0.673419
0.51 0.634 0.671605
0.55 0.63 0.670351
0.428564 0.67 0.664601
0.442619 0.649339 0.666731
0.46 0.644 0.668712
0.49 0.646 0.669372
0.408151 0.77 0.640618
0.408402 0.79 0.640603
0.415457 0.81 0.641206
0.534785 0.968431 0.642
0.51 0.957691 0.642203
0.49 0.940638 0.642433
0.55 0.957691 0.642043
0.49 0.923586 0.6427
0.47 0.919323 0.642718
0.45 0.893744 0.643091
0.47 0.898007 0.643118
0.429354 0.83 0.642466
0.571436 0.63 0.667327
0.734742 0.45 0.68057
0.734742 0.51 0.680803
0.738144 0.49 0.680433
0.591849 0.61 0.664474
0.741547 0.47 0.679889
0.591849 0.63 0.664246
0.507928 0.660946 0.666736
0.53 0.642 0.66959
0.571436 0.65 0.665935
0.55 0.65 0.6676
0.45 0.67 0.664983
0.47 0.658 0.666888
0.45 0.694405 0.660922
0.485396 0.669823 0.665135
0.428564 0.77 0.643474
0.428827 0.79 0.643123
0.432523 0.810208 0.643062
0.51 0.91506 0.642851
0.53 0.940638 0.642374
0.51 0.936375 0.642495
0.55 0.936375 0.642334
0.45 0.872428 0.643541
0.51 0.898007 0.643181
0.49 0.90227 0.64309
0.47 0.872428 0.643672
0.48 0.885218 0.643433
0.45 0.810422 0.644599
0.45 0.851114 0.643996
0.45 0.83 0.644228
0.591849 0.65 0.663616
0.571436 0.67 0.664995
0.755156 0.45 0.677856
0.755156 0.51 0.678089
0.755156 0.49 0.678182
0.612263 0.61 0.661501
0.768764 0.47 0.676401
0.612263 0.65 0.66121
0.619067 0.63 0.660593
0.45 0.72 0.656724
0.501151 0.681921 0.663202
0.525856 0.675892 0.664205
0.55 0.67 0.66524
0.475 0.694405 0.661065
0.500583 0.700732 0.660124
0.45 0.745595 0.652391
0.45 0.77 0.647639
0.45 0.79044 0.645698
0.53 0.910797 0.642871
0.55 0.91506 0.642687
0.53 0.893744 0.643209
0.469578 0.798473 0.646336
0.47 0.851114 0.644196
0.51 0.880955 0.643556
0.49 0.872428 0.643756
0.469578 0.818253 0.645237
0.469789 0.834684 0.644639
0.612263 0.67 0.660994
0.591849 0.67 0.663231
0.775569 0.45 0.675331
0.775569 0.51 0.67557
0.782373 0.49 0.674864
0.632676 0.61 0.658871
0.632676 0.67 0.658667
0.795982 0.47 0.673253
0.63948 0.65 0.658034
0.646285 0.63 0.657316
0.475 0.726399 0.655909
0.525 0.694405 0.661131
0.55 0.694405 0.661025
0.525 0.72 0.656954
0.5 0.72 0.657033
0.475 0.745595 0.652911
0.475 0.77 0.649358
0.55 0.893744 0.643095
0.53 0.876692 0.643582
0.489157 0.806506 0.646353
0.49451 0.788485 0.647858
0.49 0.851114 0.644343
0.51 0.863903 0.643981
0.49 0.83 0.645089
0.795982 0.45 0.672998
0.795982 0.51 0.673242
0.802787 0.49 0.672606
0.653089 0.61 0.656461
0.816395 0.45 0.670878
0.653089 0.67 0.656387
0.8232 0.47 0.67046
0.666698 0.65 0.655016
0.673502 0.63 0.65431
0.5 0.745595 0.653126
0.55 0.72 0.656774
0.525 0.739196 0.653898
0.5 0.77 0.649828
0.55 0.872428 0.643551
0.53 0.851114 0.644214
0.504842 0.822305 0.645486
0.50912 0.794528 0.647233
0.51 0.838446 0.64477
0.816395 0.51 0.671113
0.8232 0.49 0.670542
0.673502 0.61 0.654216
0.836809 0.45 0.668951
0.673502 0.67 0.654189
0.843613 0.49 0.668679
0.850418 0.47 0.668012
0.693916 0.65 0.652203
0.693916 0.63 0.65221
0.525856 0.764108 0.650101
0.55 0.745595 0.652453
0.52956 0.782264 0.647796
0.55 0.851114 0.644012
0.52956 0.802475 0.646116
0.53 0.834223 0.644678
0.519684 0.814611 0.645733
0.836809 0.51 0.669182
0.693916 0.61 0.652115
0.857222 0.45 0.667211
0.693916 0.67 0.652101
0.857222 0.51 0.667446
0.860624 0.49 0.667273
0.877635 0.47 0.665919
0.714329 0.65 0.650238
0.714329 0.63 0.650241
0.714329 0.61 0.650138
0.55 0.79044 0.645728
0.55 0.77 0.647569
0.55 0.83 0.644257
0.55 0.810422 0.644721
0.877635 0.45 0.665664
0.714329 0.67 0.650136
0.877635 0.51 0.665905
0.877635 0.49 0.665995
0.898049 0.47 0.66458
0.734742 0.65 0.648395
0.734742 0.61 0.648298
0.734742 0.63 0.648393
0.570909 0.81 0.642875
0.571173 0.79 0.643292
0.571436 0.77 0.64358
0.570646 0.83 0.642622
0.898049 0.45 0.66432
0.734742 0.67 0.648297
0.755156 0.65 0.646682
0.898049 0.51 0.664559
0.904853 0.49 0.664241
0.918462 0.45 0.663168
0.918462 0.47 0.663426
0.755156 0.67 0.646576
0.755156 0.61 0.646579
0.76196 0.63 0.646129
0.587945 0.81 0.640986
0.591598 0.79 0.640763
0.591849 0.77 0.640763
0.591097 0.83 0.640443
0.775569 0.65 0.645089
0.918462 0.51 0.663404
0.925266 0.49 0.663152
0.938875 0.45 0.662208
0.938875 0.47 0.66247
0.775569 0.67 0.644986
0.775569 0.61 0.644987
0.789178 0.63 0.644088
0.612263 0.77 0.638309
0.604982 0.81 0.639087
0.612024 0.79 0.638385
0.611548 0.83 0.638222
0.79258 0.65 0.643852
0.938875 0.51 0.662454
0.952484 0.49 0.662003
0.959288 0.47 0.661695
0.959288 0.45 0.661431
0.795982 0.67 0.643513
0.795982 0.61 0.643511
0.806189 0.63 0.642926
0.632676 0.77 0.636051
0.639267 0.79 0.63543
0.632224 0.81 0.636142
0.631999 0.83 0.636037
0.809591 0.65 0.642705
0.959288 0.51 0.661694
0.979701 0.49 0.661205
0.979701 0.45 0.660834
0.979701 0.47 0.661103
0.816395 0.67 0.642166
0.816395 0.61 0.642166
0.8232 0.63 0.641846
0.652663 0.81 0.634043
0.653089 0.77 0.633928
0.659693 0.79 0.633358
0.65245 0.83 0.633942
0.826602 0.65 0.641643
1 0.489963 0.660841
1 0.51 0.660811
0.979701 0.51 0.66114
1 0.45 0.660407
1 0.470037 0.660685
0.836809 0.67 0.640945
0.836809 0.61 0.64095
0.843613 0.65 0.640666
0.850418 0.63 0.6403
0.669699 0.81 0.632375
0.680119 0.79 0.631402
0.673502 0.77 0.631932
0.6729 0.83 0.63195
0.857222 0.67 0.639851
0.857222 0.61 0.639846
0.867429 0.63 0.639446
0.870831 0.65 0.639278
0.686735 0.81 0.630783
0.697136 0.79 0.62986
0.693916 0.77 0.630052
0.693351 0.83 0.630069
0.877635 0.67 0.638872
0.877635 0.61 0.638871
0.88444 0.63 0.638678
0.898049 0.65 0.638115
0.707173 0.81 0.628976
0.714153 0.79 0.628395
0.714329 0.77 0.628286
0.713802 0.83 0.628299
0.898049 0.67 0.638017
0.91506 0.65 0.6375
0.898049 0.61 0.638017
0.901451 0.63 0.637989
0.727612 0.81 0.627283
0.734579 0.79 0.626739
0.734742 0.77 0.626634
0.734253 0.83 0.626641
0.918462 0.63 0.637388
0.918462 0.67 0.637286
0.932071 0.65 0.63697
0.918462 0.61 0.637284
0.74805 0.81 0.625701
0.755005 0.79 0.625195
0.755156 0.77 0.625094
0.754704 0.83 0.625095
0.938875 0.63 0.636779
0.938875 0.67 0.636678
0.949082 0.65 0.636523
0.938875 0.61 0.636678
0.775569 0.77 0.623665
0.768489 0.81 0.624231
0.775431 0.79 0.623762
0.775155 0.83 0.623662
0.955886 0.63 0.636366
0.959288 0.67 0.636194
0.966092 0.65 0.636162
0.959288 0.61 0.636193
0.795982 0.77 0.622348
0.788927 0.81 0.622875
0.802674 0.79 0.622027
0.795606 0.83 0.622339
0.972897 0.63 0.636036
0.979701 0.67 0.635835
0.983046 0.649981 0.635887
0.979701 0.61 0.635835
0.816395 0.77 0.621139
0.809365 0.81 0.621625
0.823099 0.79 0.620857
0.816057 0.83 0.621127
1 0.630037 0.635681
1 0.67 0.635604
1 0.649963 0.635688
1 0.61 0.635605
0.836809 0.77 0.620042
0.829804 0.81 0.620489
0.843525 0.79 0.619796
0.836508 0.83 0.620026
0.857222 0.77 0.619057
0.863951 0.79 0.618846
0.850242 0.81 0.619463
0.856959 0.83 0.619037
0.877635 0.77 0.618182
0.884377 0.79 0.61801
0.87068 0.81 0.618547
0.87741 0.83 0.618161
0.898049 0.77 0.617415
0.901394 0.79 0.617391
0.897923 0.81 0.617499
0.89786 0.83 0.61739
0.918361 0.81 0.616846
0.918462 0.77 0.61676
0.918412 0.79 0.616849
0.918311 0.83 0.616733
0.932008 0.8 0.616488
0.935385 0.815 0.616363
0.938875 0.77 0.616218
0.945654 0.79 0.616147
0.938762 0.83 0.616185
0.952434 0.81 0.615996
0.959288 0.77 0.615782
0.96608 0.79 0.615752
0.959213 0.83 0.615749
0.972872 0.81 0.615628
0.979701 0.77 0.61546
0.98304 0.790019 0.615508
0.979663 0.83 0.615422
1 0.809963 0.61531
1 0.77 0.615254
1 0.790037 0.615335
1 0.83 0.615198
