# x y T
0 0.13 0.0553786
0 0.150037 0.0561291
1 0.150037 0.0564159
1 0.13 0.0556642
0 0.169963 0.0561288
0 0.19 0.0553781
0.0203322 0.13 0.0568899
0.0203383 0.15 0.0576552
1 0.19 0.0556551
1 0.169963 0.0564067
0.979668 0.13 0.057186
0.979662 0.15 0.0579531
0.0203445 0.17 0.0576553
0.0203507 0.19 0.0568907
0.0407779 0.13 0.0591926
0.0407903 0.15 0.0599886
0.979649 0.19 0.0571782
0.979656 0.17 0.0579348
0.95921 0.15 0.0603186
0.959222 0.13 0.0595081
0.0408151 0.19 0.0591955
0.0408027 0.17 0.0599891
0.0612243 0.13 0.0623153
0.0612429 0.15 0.0631541
0.959185 0.19 0.0595225
0.952382 0.17 0.0612411
0.942168 0.15 0.0629054
0.938776 0.13 0.0626366
0.0612801 0.19 0.06232
0.0612615 0.17 0.0631537
0.0816955 0.15 0.0671971
0.0816707 0.13 0.0663027
0.93872 0.19 0.0626415
0.931923 0.17 0.064727
0.925126 0.15 0.0660951
0.918329 0.13 0.0666436
0.0817451 0.19 0.0663078
0.0817203 0.17 0.0671903
0.0987372 0.15 0.0712856
0.102117 0.13 0.0712106
0.918255 0.19 0.0666563
0.911464 0.17 0.0691138
0.904674 0.15 0.0707552
0.897883 0.13 0.0715645
0.10221 0.19 0.0712196
0.102179 0.17 0.0721469
0.115779 0.15 0.0760767
0.122563 0.13 0.0771176
0.89779 0.19 0.0715842
0.894413 0.17 0.073489
0.884221 0.15 0.0764088
0.877437 0.13 0.0774833
0.122675 0.19 0.0771624
0.129453 0.17 0.0803592
0.136232 0.15 0.0827253
0.14301 0.13 0.0840617
0.877362 0.17 0.0785557
0.877325 0.19 0.0775161
0.863768 0.15 0.0831339
0.85699 0.13 0.0844823
0.14314 0.19 0.0841035
0.149912 0.17 0.0878206
0.156684 0.15 0.090544
0.163456 0.13 0.0921764
0.85686 0.19 0.0845211
0.856903 0.17 0.085638
0.843316 0.15 0.0910092
0.836544 0.13 0.0926562
0 0.29 0.0303791
0 0.32 0.0304443
0.0122144 0.303573 0.0308339
0 0.35 0.029873
0.163605 0.19 0.0922407
0.170371 0.17 0.0964941
0.183903 0.13 0.101603
0.177137 0.15 0.099598
1 0.35 0.0297586
1 0.32 0.0303278
1 0.29 0.030263
0.987786 0.303573 0.030716
0.836395 0.19 0.0927012
0.836445 0.17 0.0938975
0.822863 0.15 0.100174
0.816097 0.13 0.102108
0.022255 0.35 0.0307023
0.0223067 0.29 0.031074
0.0290628 0.31 0.0316137
0.0222722 0.33 0.0311533
0.18407 0.19 0.101642
0.187437 0.175 0.104492
0.190805 0.16 0.106663
0.204349 0.13 0.112368
0.204411 0.15 0.113882
0.977745 0.35 0.0305847
0.977728 0.33 0.031034
0.977693 0.29 0.0309555
0.970937 0.31 0.0314925
0.81593 0.19 0.102223
0.80917 0.17 0.106996
0.802411 0.15 0.110627
0.795651 0.13 0.112984
0.0425751 0.35 0.0318151
0.0426785 0.29 0.0321618
0.0460307 0.31 0.032612
0.0426096 0.33 0.032279
0.204535 0.19 0.11247
0.204473 0.17 0.113931
0.224795 0.13 0.124736
0.221453 0.15 0.124287
0.957425 0.35 0.0316935
0.95739 0.33 0.0321552
0.957321 0.29 0.0320409
0.953969 0.31 0.0324853
0.795465 0.19 0.113075
0.788712 0.17 0.118603
0.775136 0.15 0.127044
0.775205 0.13 0.125346
0.0628952 0.35 0.0332909
0.0630503 0.29 0.0336355
0.0629986 0.31 0.0338842
0.0629469 0.33 0.0337757
0.225 0.19 0.124915
0.231747 0.17 0.131003
0.245242 0.13 0.138831
0.238495 0.15 0.135777
0.937105 0.35 0.033165
0.937053 0.33 0.0336469
0.93695 0.29 0.0335189
0.937001 0.31 0.0337452
0.775 0.19 0.12548
0.77166 0.17 0.129411
0.758095 0.15 0.138906
0.754758 0.13 0.139492
0.0834222 0.29 0.0355274
0.0832153 0.35 0.0351519
0.0833532 0.31 0.0357697
0.0832843 0.33 0.0356637
0.245465 0.19 0.138989
0.252206 0.17 0.145977
0.265688 0.13 0.154883
0.258947 0.15 0.151287
0.916785 0.35 0.0350224
0.916716 0.33 0.0355366
0.916578 0.29 0.0353996
0.909873 0.31 0.0363527
0.754535 0.19 0.139658
0.754609 0.17 0.141488
0.741053 0.15 0.152096
0.734312 0.13 0.155618
0.103794 0.29 0.03784
0.103708 0.31 0.0380751
0.103535 0.35 0.0374251
0.103622 0.33 0.0379715
0.26593 0.19 0.155056
0.272665 0.17 0.162991
0.286135 0.13 0.172973
0.286221 0.15 0.175337
0.896465 0.35 0.0372819
0.896378 0.33 0.0378256
0.896206 0.29 0.0376823
0.892906 0.31 0.0383681
0.47024 0 1
0.45 0 1
0.73407 0.19 0.155793
0.734151 0.17 0.157814
0.7206 0.15 0.169843
0.713865 0.13 0.173899
0.55 0 1
0.52976 0 1
0.49008 0 1
0.50992 0 1
0.523018 0.0141005 0.942148
0.480548 0.0211508 0.913802
0.123959 0.33 0.0407372
0.124166 0.29 0.0405866
0.130836 0.31 0.0418668
0.123856 0.35 0.0401408
0.286395 0.19 0.173234
0.293124 0.17 0.182128
0.306581 0.13 0.193542
0.306674 0.15 0.196218
0.876041 0.33 0.0405704
0.876144 0.35 0.0399832
0.875834 0.29 0.0404232
0.875938 0.31 0.0406886
0.463633 0.0284718 0.881238
0.45 0.0213636 0.906207
0.713605 0.19 0.174092
0.713692 0.17 0.176296
0.700148 0.15 0.189981
0.693419 0.13 0.194653
0.55 0.0213636 0.906086
0.536367 0.0284718 0.881143
0.516594 0.0284339 0.884996
0.501783 0.0176257 0.928732
0.485274 0.0386868 0.844823
0 0.489963 0.0129796
0 0.51 0.0129234
0 0.470037 0.0128963
0 0.45 0.0127015
0.140901 0.33 0.0433921
0.144538 0.29 0.0438039
0.15119 0.31 0.0452887
0.144176 0.35 0.043316
0.30686 0.19 0.19379
0.313582 0.17 0.20383
0.327027 0.13 0.216837
0.327127 0.15 0.219816
0.855704 0.33 0.043803
0.855824 0.35 0.0431579
0.855462 0.29 0.0436448
0.84881 0.31 0.0451069
0.47 0.0431484 0.82489
0.45 0.0431484 0.818614
0.69314 0.19 0.194909
0.686418 0.17 0.204905
0.672873 0.15 0.220889
0.672973 0.13 0.217947
0.55 0.0431484 0.818538
0.53 0.0431484 0.824836
0.51 0.0431484 0.827814
0.49 0.0562229 0.778063
0.0169538 0.489981 0.0132167
0.0202992 0.51 0.0131912
0.0202992 0.45 0.013024
0.0202992 0.47 0.0132173
0.157843 0.33 0.0463994
0.164909 0.29 0.0475506
0.171545 0.31 0.0492454
0.164496 0.35 0.0470053
0.327325 0.19 0.217001
0.334041 0.17 0.228334
0.347579 0.15 0.24652
0.347474 0.13 0.243247
0.838762 0.33 0.0468732
0.835504 0.35 0.046827
0.835091 0.29 0.0473658
0.828455 0.31 0.049047
0.47 0.0649392 0.742318
0.45 0.0649392 0.736244
0.672675 0.19 0.218148
0.665959 0.17 0.229502
0.652421 0.15 0.247765
0.652526 0.13 0.244475
0.49 0.0736555 0.713705
0.55 0.0649392 0.736165
0.53 0.0649392 0.742226
0.51 0.0649392 0.74527
0.0407116 0.51 0.0136394
0.0339075 0.49 0.0135636
0.0407116 0.45 0.0134889
0.0407116 0.47 0.013683
0.17818 0.33 0.0505054
0.188513 0.31 0.0529808
0.185281 0.29 0.0518545
0.184816 0.35 0.0512413
0.34779 0.19 0.243099
0.3545 0.17 0.255918
0.364621 0.15 0.271473
0.36792 0.13 0.27334
0.82182 0.33 0.0503252
0.815184 0.35 0.0510528
0.814719 0.29 0.0516577
0.808101 0.31 0.053564
0.47 0.0867301 0.663219
0.49 0.0910869 0.651695
0.45 0.0867301 0.656944
0.65221 0.19 0.244362
0.6455 0.17 0.257206
0.635379 0.15 0.27287
0.63208 0.13 0.274698
0.51 0.0954453 0.636184
0.55 0.0867301 0.656891
0.53 0.0867301 0.663197
0.0611249 0.51 0.0142546
0.0543206 0.49 0.0141324
0.0611249 0.45 0.0141126
0.0679294 0.47 0.0145529
0.198518 0.33 0.0552138
0.205481 0.31 0.0571506
0.205653 0.29 0.056763
0.205136 0.35 0.0560823
0.368255 0.19 0.272192
0.371551 0.17 0.281438
0.381663 0.15 0.299297
0.388367 0.13 0.308387
0.801482 0.33 0.0550107
0.794864 0.35 0.0558711
0.794347 0.29 0.0565601
0.787746 0.31 0.0587113
0.49 0.108518 0.593001
0.45 0.108518 0.577822
0.47 0.104161 0.60216
0.631745 0.19 0.273678
0.625041 0.17 0.288307
0.618337 0.15 0.300789
0.611633 0.13 0.309792
0.53 0.108518 0.586975
0.51 0.121407 0.551243
0.55 0.108518 0.578254
0.0815382 0.51 0.0150389
0.0747338 0.49 0.0148625
0.0815382 0.45 0.0148901
0.0883426 0.47 0.015408
0.218855 0.33 0.060575
0.225835 0.31 0.0627559
0.226025 0.29 0.0623683
0.225456 0.35 0.0615843
0.38872 0.19 0.304226
0.45 0.13 0.491304
0.388602 0.17 0.309208
0.402115 0.15 0.337302
0.408813 0.13 0.351108
0.429259 0.13 0.411408
0.781145 0.33 0.0603408
0.774544 0.35 0.061345
0.773975 0.29 0.062124
0.770778 0.31 0.0635266
0.49 0.13 0.526388
0.47 0.13 0.517419
0.61128 0.19 0.305839
0.60799 0.17 0.316811
0.591187 0.13 0.352271
0.597885 0.15 0.338937
0.503333 0.14 0.500053
0.570741 0.13 0.410552
0.53 0.125704 0.529215
0.55 0.13 0.491107
0.108756 0.48 0.0164872
0.101951 0.51 0.0160062
0.0951471 0.49 0.0157693
0.101951 0.45 0.0158455
0.105354 0.465 0.0162128
0.239192 0.33 0.0666336
0.24619 0.31 0.0691166
0.246397 0.29 0.068702
0.245776 0.35 0.0678256
0.266769 0.29 0.0758485
0.409185 0.19 0.338361
0.45 0.15 0.446315
0.415876 0.17 0.357362
0.422568 0.15 0.381314
0.760808 0.33 0.0663853
0.754224 0.35 0.0675439
0.75381 0.31 0.0688644
0.753603 0.29 0.0684149
0.486667 0.15 0.473017
0.466667 0.16 0.439947
0.590815 0.19 0.339803
0.590939 0.17 0.347071
0.577432 0.15 0.383557
0.5 0.16 0.451065
0.516667 0.15 0.471165
0.556784 0.15 0.435091
0.536725 0.15 0.460059
0.122365 0.51 0.0171616
0.122365 0.47 0.0172371
0.122365 0.49 0.0172698
0.122365 0.45 0.0169907
0.26632 0.33 0.07597
0.266544 0.31 0.0762513
0.266096 0.35 0.0748255
0.28714 0.29 0.0838782
0.429649 0.19 0.370726
0.45155 0.175 0.402101
0.436433 0.17 0.39277
0.466667 0.18 0.402617
0.74047 0.33 0.0732035
0.733904 0.35 0.0745562
0.733456 0.31 0.0760019
0.733231 0.29 0.0755504
0.71286 0.29 0.0835731
0.483333 0.17 0.42685
0.505 0.175 0.418854
0.570351 0.19 0.372661
0.563567 0.17 0.395434
0.523333 0.17 0.425347
0.543392 0.17 0.415416
0.142778 0.51 0.0185213
0.139376 0.47 0.018362
0.149582 0.49 0.0191503
0.142778 0.45 0.0183356
0.283262 0.33 0.082627
0.293672 0.31 0.0872378
0.286416 0.35 0.082716
0.307512 0.29 0.0928843
0.45 0.19 0.383837
0.47 0.194013 0.379217
0.713342 0.33 0.0836504
0.713584 0.35 0.082408
0.713101 0.31 0.0840079
0.692488 0.29 0.0925692
0.51 0.19 0.38973
0.49 0.198027 0.374779
0.55 0.19 0.384422
0.53 0.19 0.387074
0.52 0.202029 0.367289
0.163191 0.51 0.0200964
0.156387 0.47 0.0196238
0.166594 0.49 0.0205321
0.163191 0.45 0.0199019
0.183605 0.45 0.0216923
0.300204 0.33 0.0898879
0.31064 0.31 0.0950457
0.306737 0.35 0.0915639
0.327884 0.29 0.103021
0 0.77 0.00305018
0 0.790037 0.00306321
0 0.83 0.00299789
0 0.809963 0.00304301
0.45 0.210067 0.348781
0.49 0.214025 0.346724
0.47 0.210067 0.351613
0.699658 0.32 0.0899635
0.693263 0.35 0.09131
0.685973 0.31 0.0963104
0.672116 0.29 0.102646
0.51 0.218049 0.33992
0.55 0.210067 0.349323
0.53 0.214058 0.345317
0 0.61 0.00674064
0.183605 0.51 0.0219127
0.183605 0.49 0.0220684
0.183605 0.47 0.0219954
0.204018 0.45 0.0237569
0.320542 0.33 0.0995715
0.327608 0.31 0.103639
0.327057 0.35 0.101479
0.348256 0.29 0.114456
0.347963 0.31 0.11502
0.0202992 0.77 0.00311462
0.0203117 0.79 0.00313307
0.0203367 0.83 0.0030751
0.0271283 0.81 0.00315196
0.45 0.230022 0.315323
0.49 0.230022 0.319769
0.47 0.230022 0.318079
0.679458 0.33 0.0991921
0.672943 0.35 0.101134
0.665618 0.31 0.106867
0.651744 0.29 0.113977
0.51 0.238004 0.306793
0.53 0.234013 0.311834
0.55 0.230022 0.315736
0.0202992 0.61 0.00687413
0 0.649963 0.00677929
0 0.630037 0.00678025
0 0.67 0.00673949
0.0202992 0.63 0.00692176
0.0202992 0.67 0.00687281
0.204018 0.51 0.0239844
0.204018 0.49 0.0241647
0.210822 0.47 0.0248391
0.224431 0.45 0.0260851
0.34767 0.33 0.114324
0.347377 0.35 0.112473
0.368628 0.29 0.127374
0.368007 0.33 0.126833
0.368317 0.31 0.127848
0.0407116 0.77 0.00321901
0.0407367 0.79 0.0032408
0.0407869 0.83 0.00318404
0.0475662 0.81 0.00327534
0.45 0.249978 0.282659
0.49 0.249978 0.287554
0.47 0.253969 0.279248
0.65233 0.33 0.113936
0.652623 0.35 0.112117
0.631372 0.29 0.126763
0.645264 0.31 0.118646
0.53 0.249978 0.285913
0.51 0.253969 0.281452
0.55 0.249978 0.28301
0.0407116 0.61 0.00708112
0.0202992 0.65 0.00692006
0.0407116 0.63 0.00713632
0.0407116 0.67 0.00708035
0.224431 0.51 0.0263567
0.224431 0.49 0.0265314
0.231236 0.47 0.0273071
0.244844 0.45 0.0287479
0.367697 0.35 0.12464
0.388999 0.29 0.142201
0.388672 0.31 0.142365
0.384949 0.33 0.138187
0.0611626 0.79 0.00338738
0.0611249 0.77 0.00336349
0.0612378 0.83 0.00332954
0.0646024 0.81 0.00340646
0.45 0.269933 0.24938
0.47 0.269933 0.254246
0.49 0.269933 0.257276
0.635388 0.33 0.124282
0.632303 0.35 0.124301
0.611001 0.29 0.141343
0.624909 0.31 0.131931
0.51 0.269933 0.257401
0.53 0.265942 0.260689
0.55 0.269933 0.249946
0.0611249 0.61 0.00736195
0.0815382 0.61 0.00772346
0.0475161 0.65 0.00721881
0.0611249 0.63 0.00742418
0.0611249 0.67 0.00736384
0.244844 0.51 0.0290251
0.244844 0.49 0.0292333
0.258453 0.47 0.0311071
0.265258 0.45 0.0317271
0.409371 0.29 0.159822
0.388017 0.35 0.137788
0.409027 0.31 0.159018
0.401891 0.33 0.15022
0.0815884 0.79 0.00357517
0.0815382 0.77 0.00354803
0.0816385 0.81 0.00356502
0.0816887 0.83 0.00351461
0.45 0.29 0.211459
0.429742 0.29 0.182414
0.47 0.29 0.224477
0.49 0.29 0.229681
0.51 0.29 0.229694
0.590629 0.29 0.158397
0.618446 0.33 0.135494
0.611983 0.35 0.137578
0.604555 0.31 0.146967
0.53 0.29 0.224933
0.55 0.29 0.212584
0.570258 0.29 0.17977
0.101951 0.61 0.00816264
0.0815382 0.63 0.00778435
0.101951 0.67 0.00816243
0.0815382 0.67 0.00772191
0.0985493 0.63 0.00814714
0.0747338 0.65 0.00764965
0.265258 0.51 0.0320301
0.265258 0.49 0.0322708
0.285671 0.47 0.0355743
0.285671 0.45 0.0350818
0.42938 0.31 0.178548
0.408337 0.35 0.151261
0.422229 0.33 0.164914
0.0986057 0.79 0.00376328
0.101951 0.77 0.00377655
0.102077 0.81 0.00379403
0.10214 0.83 0.00374122
0.45 0.309273 0.196391
0.480478 0.3073 0.208697
0.500528 0.301476 0.216704
0.511301 0.313219 0.203588
0.5842 0.31 0.164151
0.591663 0.35 0.15142
0.598109 0.33 0.150045
0.539809 0.30926 0.20018
0.563727 0.309342 0.184121
0.122365 0.61 0.00868774
0.11556 0.63 0.00857122
0.122365 0.67 0.00868661
0.101951 0.65 0.00822039
0.285671 0.51 0.0354362
0.285671 0.49 0.0356679
0.306084 0.47 0.0394184
0.306084 0.45 0.0388753
0.45 0.329269 0.181697
0.428657 0.35 0.163148
0.122365 0.77 0.0040499
0.115623 0.79 0.00398278
0.12259 0.83 0.00401258
0.122515 0.81 0.00406809
0.470661 0.327238 0.188166
0.530651 0.321244 0.192018
0.491323 0.325206 0.192317
0.518033 0.331294 0.186044
0.571343 0.35 0.164657
0.570981 0.33 0.170594
0.55 0.329269 0.180672
0.142778 0.61 0.00930318
0.142778 0.67 0.00930346
0.135974 0.63 0.00915779
0.129169 0.65 0.00894659
0.163191 0.61 0.0100127
0.306084 0.51 0.0392474
0.312889 0.49 0.0408911
0.333302 0.47 0.0452952
0.326498 0.45 0.0431605
0.45 0.35 0.168763
0.142778 0.77 0.00437177
0.136049 0.79 0.00428972
0.143041 0.83 0.00433376
0.149758 0.81 0.00451127
0.475 0.35 0.170588
0.525 0.35 0.170627
0.5 0.35 0.171443
0.55 0.35 0.169251
0.5 0.368168 0.157382
0.163191 0.67 0.0100138
0.163191 0.63 0.0100901
0.156387 0.65 0.00983878
0.180202 0.63 0.0107665
0.183605 0.61 0.010825
0.326498 0.51 0.0435118
0.340106 0.49 0.0469484
0.350313 0.47 0.0494619
0.346911 0.45 0.0479497
0.45 0.374405 0.15056
0.163191 0.77 0.00474402
0.163292 0.79 0.00477658
0.163492 0.83 0.00470194
0.170196 0.81 0.00490388
0.475 0.380804 0.147366
0.52413 0.368091 0.156854
0.55 0.374405 0.150687
0.5 0.387202 0.143299
0.183605 0.67 0.0108288
0.183605 0.65 0.0109111
0.197213 0.63 0.011519
0.204018 0.61 0.0117514
0.346911 0.51 0.0482358
0.36052 0.49 0.0521114
0.367324 0.47 0.0540729
0.367324 0.45 0.0534484
0.45 0.4 0.132157
0.183605 0.77 0.00517137
0.183717 0.79 0.00520987
0.183943 0.83 0.00512739
0.190635 0.81 0.00535536
0.475 0.4 0.133625
0.55 0.4 0.13208
0.5 0.412798 0.125392
0.525 0.4 0.133569
0.204018 0.67 0.0117606
0.204018 0.65 0.0118505
0.224431 0.67 0.0128183
0.224431 0.63 0.0128974
0.224431 0.61 0.0127942
0.367324 0.51 0.0534739
0.387737 0.45 0.0598849
0.380933 0.49 0.0578129
0.387737 0.47 0.0603407
0.45 0.425595 0.114157
0.204018 0.77 0.00566092
0.204143 0.79 0.00570399
0.204394 0.83 0.00561424
0.211073 0.81 0.00587052
0.47587 0.431909 0.112101
0.55 0.425595 0.113815
0.5 0.431832 0.112917
0.525 0.425595 0.115947
0.224431 0.65 0.0129081
0.244844 0.67 0.0140101
0.241442 0.625 0.0138923
0.23804 0.64 0.01372
0.244844 0.61 0.0140244
0.387737 0.51 0.0591413
0.408151 0.45 0.0678778
0.428564 0.45 0.0790898
0.408151 0.47 0.0677011
0.401346 0.49 0.063982
0.45 0.45 0.0952583
0.224431 0.77 0.00621764
0.224569 0.79 0.00626555
0.224845 0.83 0.0061678
0.231511 0.81 0.00645573
0.475 0.45 0.101013
0.55 0.45 0.0950136
0.5 0.45 0.101994
0.525 0.45 0.100336
0.251649 0.65 0.0145492
0.265258 0.67 0.0153442
0.258453 0.63 0.0150168
0.265258 0.61 0.0153607
0.408151 0.51 0.0649573
0.428564 0.47 0.0767304
0.42176 0.49 0.0703596
0.45 0.47 0.0861806
0.244844 0.77 0.00684791
0.244995 0.79 0.00690104
0.245296 0.83 0.00679346
0.248548 0.81 0.00700097
0.571436 0.45 0.0790521
0.4825 0.468 0.0921256
0.557381 0.470661 0.0834931
0.54 0.466 0.0898971
0.51 0.474 0.0895239
0.272062 0.65 0.01595
0.285671 0.67 0.0168397
0.285671 0.61 0.0168487
0.285671 0.63 0.0169767
0.306084 0.61 0.0185186
0.47 0.488 0.0817042
0.428564 0.51 0.0700753
0.45 0.49 0.0780677
0.265258 0.77 0.0075595
0.265421 0.79 0.00761942
0.265747 0.83 0.00750164
0.265584 0.81 0.00760261
0.574913 0.470325 0.0753565
0.591849 0.45 0.068196
0.571436 0.49 0.0737699
0.475 0.51 0.0745118
0.49 0.486 0.0841312
0.505 0.492 0.081956
0.55 0.49 0.0790301
0.53 0.482 0.0844327
0.29928 0.65 0.0180582
0.306084 0.67 0.0184974
0.306084 0.63 0.0186498
0.326498 0.61 0.0203789
0.45 0.51 0.0732837
0.285671 0.77 0.00835957
0.285847 0.79 0.00843071
0.286198 0.83 0.00830234
0.292827 0.81 0.00869922
0.591849 0.47 0.0682477
0.571436 0.51 0.0713401
0.591849 0.49 0.0669711
0.612263 0.45 0.0603894
0.612263 0.47 0.0609337
0.47587 0.528091 0.0685597
0.55 0.51 0.0740499
0.5 0.51 0.0751978
0.525 0.51 0.0748091
0.326498 0.67 0.020348
0.346911 0.61 0.0224611
0.326498 0.65 0.0205056
0.333302 0.63 0.0211975
0.367324 0.61 0.0248183
0.45 0.534405 0.0657083
0.306084 0.77 0.00926136
0.302864 0.79 0.00917794
0.313265 0.81 0.00964411
0.306649 0.83 0.00919457
0.591849 0.51 0.0658942
0.612263 0.51 0.0598494
0.612263 0.49 0.0605077
0.632676 0.45 0.0539747
0.632676 0.47 0.0546306
0.5 0.534405 0.0668687
0.475435 0.547245 0.0624497
0.55 0.534405 0.0659862
0.525 0.534405 0.0666449
0.346911 0.67 0.0223795
0.350313 0.63 0.0229957
0.346911 0.65 0.0225803
0.367324 0.63 0.0249667
0.387737 0.61 0.0275151
0.45 0.56 0.0578062
0.326498 0.77 0.0102753
0.319881 0.79 0.0100003
0.330301 0.81 0.0105193
0.3271 0.83 0.0101969
0.45 1 0.0147925
0.632676 0.51 0.0540676
0.632676 0.49 0.0545455
0.653089 0.45 0.0484487
0.653089 0.47 0.0490996
0.653089 0.49 0.0491472
0.5 0.56 0.0587771
0.475 0.566399 0.0565625
0.525 0.56 0.0585279
0.55 0.56 0.0578673
0.367324 0.67 0.0246369
0.367324 0.65 0.0248599
0.387737 0.65 0.0273816
0.394542 0.63 0.0285852
0.408151 0.61 0.0307157
0.45 0.585595 0.0499168
0.346911 0.77 0.0114116
0.347124 0.79 0.011495
0.347337 0.81 0.0114714
0.34755 0.83 0.0113168
0.470182 1 0.0149114
0.45 0.979003 0.0149818
0.653089 0.51 0.0487436
0.673502 0.45 0.0435902
0.673502 0.47 0.044197
0.673502 0.49 0.044272
0.525 0.585595 0.050842
0.5 0.585595 0.0512761
0.475 0.585595 0.0509156
0.55 0.585595 0.0498806
0.387737 0.67 0.0270462
0.428564 0.61 0.0349014
0.408151 0.65 0.0300288
0.411553 0.63 0.0311986
0.45 0.61 0.0417302
0.475 0.61 0.0442801
0.367324 0.77 0.0126863
0.36755 0.79 0.0127801
0.368001 0.83 0.0125643
0.367776 0.81 0.0127389
0.476906 0.986108 0.0150605
0.490061 1 0.0149704
0.509939 1 0.0149686
0.483453 0.971899 0.0152294
0.463559 0.972011 0.0151439
0.55 1 0.0147912
0.45 0.957691 0.0152363
0.388452 0.83 0.013942
0.673502 0.51 0.0439678
0.693916 0.51 0.0396594
0.693916 0.45 0.0392878
0.70072 0.49 0.0385897
0.693916 0.47 0.0398483
0.525856 0.604108 0.0456039
0.5 0.61 0.0449335
0.55 0.61 0.0412172
0.408151 0.67 0.0295731
0.428564 0.63 0.0341337
0.425087 0.649675 0.0322812
0.45 0.63 0.0381792
0.495 0.628 0.0410205
0.4675 0.627 0.0402723
0.387737 0.77 0.0141318
0.387976 0.79 0.0142207
0.388214 0.81 0.0141449
0.529818 1 0.014907
0.498245 0.982634 0.0151296
0.519583 0.979161 0.0151382
0.49 0.957691 0.0154219
0.47 0.957691 0.0153594
0.55 0.979003 0.0149839
0.47 0.936375 0.0156878
0.45 0.936375 0.0155623
0.45 0.91506 0.0159579
0.408903 0.83 0.0154443
0.714329 0.45 0.0354579
0.714329 0.51 0.0358053
0.721133 0.49 0.034869
0.714329 0.47 0.0359578
0.571436 0.61 0.0355628
0.53 0.622 0.0412562
0.51 0.634 0.0397102
0.55 0.63 0.0381876
0.428564 0.67 0.0319119
0.442619 0.649339 0.0345449
0.46 0.644 0.0368185
0.49 0.646 0.0377047
0.408151 0.77 0.0157989
0.408402 0.79 0.015839
0.415457 0.81 0.016222
0.534785 0.968431 0.0151928
0.51 0.957691 0.0154225
0.49 0.940638 0.0156806
0.55 0.957691 0.0152395
0.49 0.923586 0.0159834
0.47 0.919323 0.0160015
0.45 0.893744 0.0164226
0.47 0.898007 0.0164571
0.429354 0.83 0.0170133
0.571436 0.63 0.0348661
0.734742 0.45 0.0320671
0.734742 0.51 0.0323768
0.738144 0.49 0.0320713
0.591849 0.61 0.0313628
0.741547 0.47 0.0314382
0.591849 0.63 0.0312885
0.507928 0.660946 0.0353981
0.53 0.642 0.0377265
0.571436 0.65 0.0335147
0.55 0.65 0.0356381
0.45 0.67 0.0333067
0.47 0.658 0.0353076
0.45 0.694405 0.0302951
0.485396 0.669823 0.0340007
0.428564 0.77 0.0178291
0.428827 0.79 0.017642
0.432523 0.810208 0.0175852
0.51 0.91506 0.0161545
0.53 0.940638 0.0156135
0.51 0.936375 0.0157514
0.55 0.936375 0.0155638
0.45 0.872428 0.0169524
0.51 0.898007 0.0165296
0.49 0.90227 0.0164262
0.47 0.872428 0.0170981
0.48 0.885218 0.0168169
0.45 0.810422 0.0185572
0.45 0.851114 0.0175363
0.45 0.83 0.0180845
0.591849 0.65 0.0306428
0.571436 0.67 0.0324505
0.755156 0.45 0.0290598
0.755156 0.51 0.0293364
0.755156 0.49 0.0295415
0.612263 0.61 0.0281059
0.768764 0.47 0.0276049
0.612263 0.65 0.0279193
0.619067 0.63 0.0272462
0.45 0.72 0.0271987
0.501151 0.681921 0.0324524
0.525856 0.675892 0.0331334
0.55 0.67 0.033575
0.475 0.694405 0.0306429
0.500583 0.700732 0.0300078
0.45 0.745595 0.024114
0.45 0.77 0.0208849
0.45 0.79044 0.0194966
0.53 0.910797 0.0161763
0.55 0.91506 0.0159618
0.53 0.893744 0.0165622
0.469578 0.798473 0.0197836
0.47 0.851114 0.0177136
0.51 0.880955 0.0169557
0.49 0.872428 0.0171797
0.469578 0.818253 0.0188388
0.469789 0.834684 0.0182365
0.612263 0.67 0.0275987
0.591849 0.67 0.0301556
0.775569 0.45 0.0263791
0.775569 0.51 0.0266398
0.782373 0.49 0.0259871
0.632676 0.61 0.0253438
0.632676 0.67 0.0251307
0.795982 0.47 0.0243352
0.63948 0.65 0.0245675
0.646285 0.63 0.0238499
0.475 0.726399 0.0267585
0.525 0.694405 0.0307117
0.55 0.694405 0.0304091
0.525 0.72 0.027536
0.5 0.72 0.0276488
0.475 0.745595 0.0245803
0.475 0.77 0.0220621
0.55 0.893744 0.0164286
0.53 0.876692 0.0169947
0.489157 0.806506 0.01969
0.49451 0.788485 0.020871
0.49 0.851114 0.0178263
0.51 0.863903 0.0174338
0.49 0.83 0.0185837
0.795982 0.45 0.0240017
0.795982 0.51 0.0242479
0.802787 0.49 0.023685
0.653089 0.61 0.0229282
0.816395 0.45 0.0219317
0.653089 0.67 0.0228497
0.8232 0.47 0.0215879
0.666698 0.65 0.021603
0.673502 0.63 0.0209418
0.5 0.745595 0.0247516
0.55 0.72 0.0272377
0.525 0.739196 0.0252852
0.5 0.77 0.0223454
0.55 0.872428 0.0169678
0.53 0.851114 0.017738
0.504842 0.822305 0.0189403
0.50912 0.794528 0.0204001
0.51 0.838446 0.0182733
0.816395 0.51 0.0221477
0.8232 0.49 0.0216598
0.673502 0.61 0.0207899
0.836809 0.45 0.0201202
0.673502 0.67 0.0207597
0.843613 0.49 0.0198993
0.850418 0.47 0.0192915
0.693916 0.65 0.0190164
0.693916 0.63 0.0190234
0.525856 0.764108 0.0225529
0.55 0.745595 0.0241349
0.52956 0.782264 0.0208921
0.55 0.851114 0.0175649
0.52956 0.802475 0.0196171
0.53 0.834223 0.0182899
0.519684 0.814611 0.0192073
0.836809 0.51 0.020313
0.693916 0.61 0.0188874
0.857222 0.45 0.0185354
0.693916 0.67 0.0188691
0.857222 0.51 0.0187181
0.860624 0.49 0.0186085
0.877635 0.47 0.0174108
0.714329 0.65 0.0173087
0.714329 0.63 0.0173138
0.714329 0.61 0.0171746
0.55 0.79044 0.0195338
0.55 0.77 0.0207943
0.55 0.83 0.0181419
0.55 0.810422 0.0187108
0.877635 0.45 0.0171689
0.714329 0.67 0.017175
0.877635 0.51 0.0173443
0.877635 0.49 0.0174634
0.898049 0.47 0.0162461
0.734742 0.65 0.0157757
0.734742 0.61 0.0156602
0.734742 0.63 0.0157743
0.570909 0.81 0.0175797
0.571173 0.79 0.0179025
0.571436 0.77 0.0179848
0.570646 0.83 0.0172491
0.898049 0.45 0.0160152
0.734742 0.67 0.0156601
0.755156 0.65 0.0144161
0.898049 0.51 0.0161773
0.904853 0.49 0.0159375
0.918462 0.45 0.015049
0.918462 0.47 0.0152648
0.755156 0.67 0.0142965
0.755156 0.61 0.0143002
0.76196 0.63 0.0139841
0.587945 0.81 0.0161785
0.591598 0.79 0.0160513
0.591849 0.77 0.0159884
0.591097 0.83 0.015651
0.775569 0.65 0.0131972
0.918462 0.51 0.0151982
0.925266 0.49 0.0150159
0.938875 0.45 0.0142614
0.938875 0.47 0.0144692
0.775569 0.67 0.0130917
0.775569 0.61 0.0130923
0.789178 0.63 0.0124536
0.612263 0.77 0.0143171
0.604982 0.81 0.0148452
0.612024 0.79 0.0144069
0.611548 0.83 0.0141409
0.79258 0.65 0.0122837
0.938875 0.51 0.0144097
0.952484 0.49 0.0140626
0.959288 0.47 0.0138357
0.959288 0.45 0.0136363
0.795982 0.67 0.0120164
0.795982 0.61 0.0120135
0.806189 0.63 0.0116172
0.632676 0.77 0.0128558
0.639267 0.79 0.012498
0.632224 0.81 0.0129125
0.631999 0.83 0.0127372
0.809591 0.65 0.0114616
0.959288 0.51 0.0137863
0.979701 0.49 0.0134112
0.979701 0.45 0.0131652
0.979701 0.47 0.0133601
0.816395 0.67 0.011067
0.816395 0.61 0.0110659
0.8232 0.63 0.010861
0.652663 0.81 0.0116262
0.653089 0.77 0.0115587
0.659693 0.79 0.0112488
0.65245 0.83 0.0114697
0.826602 0.65 0.0107226
1 0.489963 0.0131152
1 0.51 0.0130592
0.979701 0.51 0.0133347
1 0.45 0.012839
1 0.470037 0.0130359
0.836809 0.67 0.0102341
0.836809 0.61 0.0102379
0.843613 0.65 0.0100597
0.850418 0.63 0.00981574
0.669699 0.81 0.0106572
0.680119 0.79 0.010135
0.673502 0.77 0.0104084
0.6729 0.83 0.0103321
0.857222 0.67 0.00951063
0.857222 0.61 0.00950753
0.867429 0.63 0.00925555
0.870831 0.65 0.00914631
0.686735 0.81 0.00977228
0.697136 0.79 0.00930001
0.693916 0.77 0.00938381
0.693351 0.83 0.00931637
0.877635 0.67 0.00888007
0.877635 0.61 0.00887956
0.88444 0.63 0.00876261
0.898049 0.65 0.00840666
0.707173 0.81 0.00881671
0.714153 0.79 0.0085415
0.714329 0.77 0.00846998
0.713802 0.83 0.00840944
0.898049 0.67 0.00834262
0.91506 0.65 0.00802537
0.898049 0.61 0.00834296
0.901451 0.63 0.00832823
0.727612 0.81 0.0079671
0.734579 0.79 0.0077208
0.734742 0.77 0.00765997
0.734253 0.83 0.00760237
0.918462 0.63 0.00795704
0.918462 0.67 0.00789295
0.932071 0.65 0.00770125
0.918462 0.61 0.00789113
0.74805 0.81 0.00721129
0.755005 0.79 0.00699292
0.755156 0.77 0.00693941
0.754704 0.83 0.00688545
0.938875 0.63 0.00758519
0.938875 0.67 0.00752566
0.949082 0.65 0.00743122
0.938875 0.61 0.00752573
0.775569 0.77 0.00630192
0.768489 0.81 0.00654127
0.775431 0.79 0.00634686
0.775155 0.83 0.00625071
0.955886 0.63 0.00733687
0.959288 0.67 0.00723702
0.966092 0.65 0.00721483
0.959288 0.61 0.00723649
0.795982 0.77 0.00573711
0.788927 0.81 0.00595077
0.802674 0.79 0.00560458
0.795606 0.83 0.0056901
0.972897 0.63 0.00714006
0.979701 0.67 0.00702539
0.983046 0.649981 0.00705115
0.979701 0.61 0.00702551
0.816395 0.77 0.00523953
0.809365 0.81 0.0054271
0.823099 0.79 0.00512662
0.816057 0.83 0.00519597
1 0.630037 0.00692781
1 0.67 0.0068917
1 0.649963 0.00693243
1 0.61 0.00689229
0.836809 0.77 0.00480535
0.829804 0.81 0.0049693
0.843525 0.79 0.00470865
0.836508 0.83 0.00476399
0.857222 0.77 0.00442828
0.863951 0.79 0.00434652
0.850242 0.81 0.00457059
0.856959 0.83 0.00438892
0.877635 0.77 0.00410387
0.884377 0.79 0.00403691
0.87068 0.81 0.00422547
0.87741 0.83 0.00406742
0.898049 0.77 0.00382719
0.901394 0.79 0.00381324
0.897923 0.81 0.00384375
0.89786 0.83 0.00379104
0.918361 0.81 0.00361276
0.918462 0.77 0.00359633
0.918412 0.79 0.00362132
0.918311 0.83 0.0035617
0.932008 0.8 0.00349226
0.935385 0.815 0.00344294
0.938875 0.77 0.00340891
0.945654 0.79 0.00337796
0.938762 0.83 0.00337422
0.952434 0.81 0.00331913
0.959288 0.77 0.00326147
0.96608 0.79 0.0032436
0.959213 0.83 0.00322646
0.972872 0.81 0.00319365
0.979701 0.77 0.00315496
0.98304 0.790019 0.00316158
0.979663 0.83 0.00311575
1 0.809963 0.00308291
1 0.77 0.00309096
1 0.790037 0.00310438
1 0.83 0.00303736
