# x y T
0 0.13 0.845681
0 0.150037 0.845793
1 0.150037 0.845682
1 0.13 0.84557
0 0.169963 0.845793
0 0.19 0.84568
0.0203322 0.13 0.845911
0.0203383 0.15 0.846024
1 0.19 0.845569
1 0.169963 0.845681
0.979668 0.13 0.845801
0.979662 0.15 0.845913
0.0203445 0.17 0.846024
0.0203507 0.19 0.845911
0.0407779 0.13 0.84626
0.0407903 0.15 0.846373
0.979649 0.19 0.845799
0.979656 0.17 0.845911
0.95921 0.15 0.846265
0.959222 0.13 0.846151
0.0408151 0.19 0.84626
0.0408027 0.17 0.846373
0.0612243 0.13 0.846727
0.0612429 0.15 0.84684
0.959185 0.19 0.846153
0.952382 0.17 0.846402
0.942168 0.15 0.846646
0.938776 0.13 0.846616
0.0612801 0.19 0.846728
0.0612615 0.17 0.84684
0.0816955 0.15 0.847426
0.0816707 0.13 0.847312
0.93872 0.19 0.846617
0.931923 0.17 0.846911
0.925126 0.15 0.847108
0.918329 0.13 0.847201
0.0817451 0.19 0.847314
0.0817203 0.17 0.847426
0.0987372 0.15 0.848006
0.102117 0.13 0.848016
0.918255 0.19 0.847203
0.911464 0.17 0.847538
0.904674 0.15 0.84777
0.897883 0.13 0.847903
0.10221 0.19 0.848018
0.102179 0.17 0.848128
0.115779 0.15 0.84867
0.122563 0.13 0.848839
0.89779 0.19 0.847907
0.894413 0.17 0.84815
0.884221 0.15 0.848552
0.877437 0.13 0.848725
0.122675 0.19 0.848845
0.129453 0.17 0.849251
0.136232 0.15 0.849566
0.14301 0.13 0.849778
0.877362 0.17 0.848842
0.877325 0.19 0.84873
0.863768 0.15 0.849453
0.85699 0.13 0.849665
0.14314 0.19 0.849783
0.149912 0.17 0.850234
0.156684 0.15 0.850584
0.163456 0.13 0.850835
0.85686 0.19 0.849671
0.856903 0.17 0.849782
0.843316 0.15 0.850473
0.836544 0.13 0.850724
0 0.29 0.75971
0 0.32 0.759815
0.0122144 0.303573 0.75989
0 0.35 0.759703
0.163605 0.19 0.850843
0.170371 0.17 0.851334
0.183903 0.13 0.852014
0.177137 0.15 0.851719
1 0.35 0.759696
1 0.32 0.759807
1 0.29 0.759703
0.987786 0.303573 0.759882
0.836395 0.19 0.85073
0.836445 0.17 0.850839
0.822863 0.15 0.851613
0.816097 0.13 0.851901
0.022255 0.35 0.759928
0.0223067 0.29 0.759927
0.0290628 0.31 0.760123
0.0222722 0.33 0.760028
0.18407 0.19 0.85202
0.187437 0.175 0.852322
0.190805 0.16 0.852565
0.204349 0.13 0.853305
0.204411 0.15 0.853421
0.977745 0.35 0.75992
0.977728 0.33 0.76002
0.977693 0.29 0.759919
0.970937 0.31 0.760115
0.81593 0.19 0.851913
0.80917 0.17 0.852436
0.802411 0.15 0.852864
0.795651 0.13 0.853197
0.0425751 0.35 0.760247
0.0426785 0.29 0.760248
0.0460307 0.31 0.760414
0.0426096 0.33 0.760348
0.204535 0.19 0.853319
0.204473 0.17 0.853427
0.224795 0.13 0.85472
0.221453 0.15 0.854598
0.957425 0.35 0.76024
0.95739 0.33 0.760341
0.957321 0.29 0.76024
0.953969 0.31 0.760406
0.795465 0.19 0.853208
0.788712 0.17 0.853778
0.775136 0.15 0.854723
0.775205 0.13 0.854606
0.0628952 0.35 0.760673
0.0630503 0.29 0.760675
0.0629986 0.31 0.760776
0.0629469 0.33 0.760775
0.225 0.19 0.854738
0.231747 0.17 0.855339
0.245242 0.13 0.856255
0.238495 0.15 0.85585
0.937105 0.35 0.760665
0.937053 0.33 0.760768
0.93695 0.29 0.760668
0.937001 0.31 0.760767
0.775 0.19 0.854622
0.77166 0.17 0.854979
0.758095 0.15 0.855996
0.754758 0.13 0.856139
0.0834222 0.29 0.761208
0.0832153 0.35 0.761203
0.0833532 0.31 0.761308
0.0832843 0.33 0.761307
0.245465 0.19 0.856271
0.252206 0.17 0.856917
0.265688 0.13 0.857911
0.258947 0.15 0.85746
0.916785 0.35 0.761197
0.916716 0.33 0.761301
0.916578 0.29 0.761205
0.909873 0.31 0.7615
0.754535 0.19 0.856157
0.754609 0.17 0.856265
0.741053 0.15 0.85735
0.734312 0.13 0.857794
0.103794 0.29 0.761847
0.103708 0.31 0.761944
0.103535 0.35 0.761839
0.103622 0.33 0.761943
0.26593 0.19 0.857927
0.272665 0.17 0.858615
0.286135 0.13 0.85968
0.286221 0.15 0.859799
0.896465 0.35 0.761831
0.896378 0.33 0.761935
0.896206 0.29 0.761838
0.892906 0.31 0.762054
0.47024 0 1
0.45 0 1
0.73407 0.19 0.857811
0.734151 0.17 0.857919
0.7206 0.15 0.859083
0.713865 0.13 0.859569
0.55 0 1
0.52976 0 1
0.49008 0 1
0.50992 0 1
0.523018 0.0141005 0.988617
0.480548 0.0211508 0.982937
0.123959 0.33 0.762687
0.124166 0.29 0.762593
0.130836 0.31 0.762956
0.123856 0.35 0.76258
0.286395 0.19 0.8597
0.293124 0.17 0.860424
0.306581 0.13 0.861577
0.306674 0.15 0.861696
0.876041 0.33 0.762677
0.876144 0.35 0.762571
0.875834 0.29 0.762582
0.875938 0.31 0.762679
0.463633 0.0284718 0.97696
0.45 0.0213636 0.982609
0.713605 0.19 0.859585
0.713692 0.17 0.859691
0.700148 0.15 0.860939
0.693419 0.13 0.86147
0.55 0.0213636 0.982611
0.536367 0.0284718 0.976964
0.516594 0.0284339 0.977087
0.501783 0.0176257 0.985796
0.485274 0.0386868 0.968854
0 0.489963 0.697058
0 0.51 0.696964
0 0.470037 0.697057
0 0.45 0.696964
0.140901 0.33 0.763385
0.144538 0.29 0.76344
0.15119 0.31 0.763841
0.144176 0.35 0.763424
0.30686 0.19 0.861589
0.313582 0.17 0.862354
0.327027 0.13 0.863603
0.327127 0.15 0.863717
0.855704 0.33 0.763526
0.855824 0.35 0.763418
0.855462 0.29 0.763434
0.84881 0.31 0.763831
0.47 0.0431484 0.965196
0.45 0.0431484 0.965026
0.69314 0.19 0.861481
0.686418 0.17 0.862243
0.672873 0.15 0.863601
0.672973 0.13 0.863489
0.55 0.0431484 0.965037
0.53 0.0431484 0.965203
0.51 0.0431484 0.965291
0.49 0.0562229 0.954839
0.0169538 0.489981 0.69721
0.0202992 0.51 0.697154
0.0202992 0.45 0.697153
0.0202992 0.47 0.697246
0.157843 0.33 0.764155
0.164909 0.29 0.764395
0.171545 0.31 0.764832
0.164496 0.35 0.764375
0.327325 0.19 0.86359
0.334041 0.17 0.864399
0.347579 0.15 0.86587
0.347474 0.13 0.865773
0.838762 0.33 0.764311
0.835504 0.35 0.764367
0.835091 0.29 0.764386
0.828455 0.31 0.764821
0.47 0.0649392 0.947741
0.45 0.0649392 0.947521
0.672675 0.19 0.863478
0.665959 0.17 0.864286
0.652421 0.15 0.865755
0.652526 0.13 0.865657
0.49 0.0736555 0.940996
0.55 0.0649392 0.947549
0.53 0.0649392 0.94776
0.51 0.0649392 0.947893
0.0407116 0.51 0.697443
0.0339075 0.49 0.697429
0.0407116 0.45 0.697441
0.0407116 0.47 0.697532
0.17818 0.33 0.765175
0.188513 0.31 0.765737
0.185281 0.29 0.765455
0.184816 0.35 0.765429
0.34779 0.19 0.865685
0.3545 0.17 0.866546
0.364621 0.15 0.867783
0.36792 0.13 0.868135
0.82182 0.33 0.765169
0.815184 0.35 0.765422
0.814719 0.29 0.765447
0.808101 0.31 0.765917
0.47 0.0867301 0.930344
0.49 0.0910869 0.927303
0.45 0.0867301 0.929946
0.65221 0.19 0.865574
0.6455 0.17 0.866432
0.635379 0.15 0.867668
0.63208 0.13 0.868017
0.51 0.0954453 0.923892
0.55 0.0867301 0.930011
0.53 0.0867301 0.93041
0.0611249 0.51 0.697827
0.0543206 0.49 0.697783
0.0611249 0.45 0.697828
0.0679294 0.47 0.698066
0.198518 0.33 0.766302
0.205481 0.31 0.766714
0.205653 0.29 0.766622
0.205136 0.35 0.76659
0.368255 0.19 0.867826
0.371551 0.17 0.868395
0.381663 0.15 0.869835
0.388367 0.13 0.870836
0.801482 0.33 0.766295
0.794864 0.35 0.766582
0.794347 0.29 0.766614
0.787746 0.31 0.767118
0.49 0.108518 0.91398
0.45 0.108518 0.911701
0.47 0.104161 0.916461
0.631745 0.19 0.86772
0.625041 0.17 0.868654
0.618337 0.15 0.869719
0.611633 0.13 0.870706
0.53 0.108518 0.913111
0.51 0.121407 0.904417
0.55 0.108518 0.911971
0.0815382 0.51 0.698307
0.0747338 0.49 0.698228
0.0815382 0.45 0.698307
0.0883426 0.47 0.698582
0.218855 0.33 0.767535
0.225835 0.31 0.767984
0.226025 0.29 0.767894
0.225456 0.35 0.767856
0.38872 0.19 0.869881
0.45 0.13 0.891168
0.388602 0.17 0.870247
0.402115 0.15 0.872574
0.408813 0.13 0.874287
0.429259 0.13 0.87991
0.781145 0.33 0.767527
0.774544 0.35 0.767848
0.773975 0.29 0.767886
0.770778 0.31 0.768199
0.49 0.13 0.898471
0.47 0.13 0.896471
0.61128 0.19 0.869776
0.60799 0.17 0.870508
0.591187 0.13 0.874095
0.597885 0.15 0.872473
0.503333 0.14 0.892265
0.570741 0.13 0.8794
0.53 0.125704 0.899673
0.55 0.13 0.891231
0.108756 0.48 0.699204
0.101951 0.51 0.698886
0.0951471 0.49 0.698771
0.101951 0.45 0.698884
0.105354 0.465 0.699068
0.239192 0.33 0.768873
0.24619 0.31 0.769362
0.246397 0.29 0.769273
0.245776 0.35 0.769231
0.266769 0.29 0.770758
0.409185 0.19 0.871536
0.45 0.15 0.881897
0.415876 0.17 0.872899
0.422568 0.15 0.875896
0.760808 0.33 0.768865
0.754224 0.35 0.76922
0.75381 0.31 0.769353
0.753603 0.29 0.769265
0.486667 0.15 0.88589
0.466667 0.16 0.879123
0.590815 0.19 0.871363
0.590939 0.17 0.872226
0.577432 0.15 0.875805
0.5 0.16 0.880193
0.516667 0.15 0.885572
0.556784 0.15 0.880339
0.536725 0.15 0.883791
0.122365 0.51 0.699557
0.122365 0.47 0.699654
0.122365 0.49 0.699647
0.122365 0.45 0.69956
0.26632 0.33 0.770824
0.266544 0.31 0.770841
0.266096 0.35 0.770706
0.28714 0.29 0.772354
0.429649 0.19 0.871626
0.45155 0.175 0.872188
0.436433 0.17 0.87404
0.466667 0.18 0.869317
0.74047 0.33 0.770309
0.733904 0.35 0.7707
0.733456 0.31 0.770837
0.733231 0.29 0.770751
0.71286 0.29 0.772344
0.483333 0.17 0.874439
0.505 0.175 0.871642
0.570351 0.19 0.871558
0.563567 0.17 0.873994
0.523333 0.17 0.874316
0.543392 0.17 0.874144
0.142778 0.51 0.700333
0.139376 0.47 0.700292
0.149582 0.49 0.700701
0.142778 0.45 0.700331
0.283262 0.33 0.772142
0.293672 0.31 0.772984
0.286416 0.35 0.772288
0.307512 0.29 0.774054
0.45 0.19 0.866691
0.47 0.194013 0.861511
0.713342 0.33 0.7724
0.713584 0.35 0.772281
0.713101 0.31 0.772424
0.692488 0.29 0.77405
0.51 0.19 0.863219
0.49 0.198027 0.858581
0.55 0.19 0.866489
0.53 0.19 0.863895
0.52 0.202029 0.856347
0.163191 0.51 0.7012
0.156387 0.47 0.700991
0.166594 0.49 0.701451
0.163191 0.45 0.701203
0.183605 0.45 0.702166
0.300204 0.33 0.773526
0.31064 0.31 0.774426
0.306737 0.35 0.773973
0.327884 0.29 0.775874
0 0.77 0.632982
0 0.790037 0.633066
0 0.83 0.632981
0 0.809963 0.633063
0.45 0.210067 0.852177
0.49 0.214025 0.849078
0.47 0.210067 0.851724
0.699658 0.32 0.773555
0.693263 0.35 0.773974
0.685973 0.31 0.774713
0.672116 0.29 0.775864
0.51 0.218049 0.846675
0.55 0.210067 0.852231
0.53 0.214058 0.849255
0 0.61 0.655141
0.183605 0.51 0.702167
0.183605 0.49 0.702261
0.183605 0.47 0.702256
0.204018 0.45 0.703233
0.320542 0.33 0.775283
0.327608 0.31 0.775943
0.327057 0.35 0.775759
0.348256 0.29 0.77782
0.347963 0.31 0.777866
0.0202992 0.77 0.633154
0.0203117 0.79 0.633239
0.0203367 0.83 0.633156
0.0271283 0.81 0.633313
0.45 0.230022 0.839356
0.49 0.230022 0.839423
0.47 0.230022 0.839399
0.679458 0.33 0.775275
0.672943 0.35 0.775755
0.665618 0.31 0.776561
0.651744 0.29 0.777805
0.51 0.238004 0.834608
0.53 0.234013 0.836959
0.55 0.230022 0.839371
0.0202992 0.61 0.655319
0 0.649963 0.655227
0 0.630037 0.655228
0 0.67 0.655139
0.0202992 0.63 0.655406
0.0202992 0.67 0.655318
0.204018 0.51 0.703232
0.204018 0.49 0.703326
0.210822 0.47 0.703698
0.224431 0.45 0.704392
0.34767 0.33 0.777784
0.347377 0.35 0.777628
0.368628 0.29 0.779935
0.368007 0.33 0.779756
0.368317 0.31 0.779923
0.0407116 0.77 0.633414
0.0407367 0.79 0.633499
0.0407869 0.83 0.633415
0.0475662 0.81 0.633606
0.45 0.249978 0.826784
0.49 0.249978 0.827393
0.47 0.253969 0.824665
0.65233 0.33 0.777781
0.652623 0.35 0.777626
0.631372 0.29 0.77991
0.645264 0.31 0.778524
0.53 0.249978 0.827139
0.51 0.253969 0.825034
0.55 0.249978 0.826798
0.0407116 0.61 0.65559
0.0202992 0.65 0.655404
0.0407116 0.63 0.655678
0.0407116 0.67 0.655591
0.224431 0.51 0.704394
0.224431 0.49 0.704487
0.231236 0.47 0.704893
0.244844 0.45 0.705657
0.367697 0.35 0.779555
0.388999 0.29 0.782331
0.388672 0.31 0.782162
0.384949 0.33 0.781426
0.0611626 0.79 0.633847
0.0611249 0.77 0.633762
0.0612378 0.83 0.633763
0.0646024 0.81 0.633915
0.45 0.269933 0.813752
0.47 0.269933 0.814908
0.49 0.269933 0.815674
0.635388 0.33 0.779421
0.632303 0.35 0.779552
0.611001 0.29 0.782279
0.624909 0.31 0.780638
0.51 0.269933 0.815693
0.53 0.265942 0.817354
0.55 0.269933 0.813799
0.0611249 0.61 0.655952
0.0815382 0.61 0.656403
0.0475161 0.65 0.655782
0.0611249 0.63 0.65604
0.0611249 0.67 0.655954
0.244844 0.51 0.705654
0.244844 0.49 0.705749
0.258453 0.47 0.706637
0.265258 0.45 0.707013
0.409371 0.29 0.785326
0.388017 0.35 0.781435
0.409027 0.31 0.784711
0.401891 0.33 0.78305
0.0815884 0.79 0.634284
0.0815382 0.77 0.634198
0.0816385 0.81 0.634285
0.0816887 0.83 0.634201
0.45 0.29 0.798784
0.429742 0.29 0.789843
0.47 0.29 0.802996
0.49 0.29 0.804603
0.51 0.29 0.804597
0.590629 0.29 0.785204
0.618446 0.33 0.781091
0.611983 0.35 0.781423
0.604555 0.31 0.782963
0.53 0.29 0.80311
0.55 0.29 0.798852
0.570258 0.29 0.789604
0.101951 0.61 0.656946
0.0815382 0.63 0.656491
0.101951 0.67 0.656943
0.0815382 0.67 0.656403
0.0985493 0.63 0.656937
0.0747338 0.65 0.656324
0.265258 0.51 0.707011
0.265258 0.49 0.707106
0.285671 0.47 0.708559
0.285671 0.45 0.708467
0.42938 0.31 0.787852
0.408337 0.35 0.782963
0.422229 0.33 0.784746
0.0986057 0.79 0.634717
0.101951 0.77 0.634723
0.102077 0.81 0.634811
0.10214 0.83 0.634728
0.45 0.309273 0.791904
0.480478 0.3073 0.79594
0.500528 0.301476 0.799136
0.511301 0.313219 0.793618
0.5842 0.31 0.785663
0.591663 0.35 0.78292
0.598109 0.33 0.783069
0.539809 0.30926 0.793289
0.563727 0.309342 0.789205
0.122365 0.61 0.657582
0.11556 0.63 0.657449
0.122365 0.67 0.657581
0.101951 0.65 0.657027
0.285671 0.51 0.708465
0.285671 0.49 0.708558
0.306084 0.47 0.710116
0.306084 0.45 0.710025
0.45 0.329269 0.78605
0.428657 0.35 0.783248
0.122365 0.77 0.635338
0.115623 0.79 0.63521
0.12259 0.83 0.635344
0.122515 0.81 0.635424
0.470661 0.327238 0.787241
0.530651 0.321244 0.78935
0.491323 0.325206 0.788456
0.518033 0.331294 0.785784
0.571343 0.35 0.783417
0.570981 0.33 0.785241
0.55 0.329269 0.786001
0.142778 0.61 0.658309
0.142778 0.67 0.65831
0.135974 0.63 0.658141
0.129169 0.65 0.657894
0.163191 0.61 0.659122
0.306084 0.51 0.71002
0.312889 0.49 0.71065
0.333302 0.47 0.71235
0.326498 0.45 0.71169
0.45 0.35 0.780217
0.142778 0.77 0.636042
0.136049 0.79 0.635883
0.143041 0.83 0.636051
0.149758 0.81 0.636384
0.475 0.35 0.77843
0.525 0.35 0.778411
0.5 0.35 0.778105
0.55 0.35 0.780182
0.5 0.368168 0.770261
0.163191 0.67 0.659125
0.163191 0.63 0.659209
0.156387 0.65 0.658925
0.180202 0.63 0.65996
0.183605 0.61 0.66003
0.326498 0.51 0.711666
0.340106 0.49 0.71291
0.350313 0.47 0.713842
0.346911 0.45 0.71346
0.45 0.374405 0.76792
0.163191 0.77 0.636827
0.163292 0.79 0.636915
0.163492 0.83 0.636841
0.170196 0.81 0.637204
0.475 0.380804 0.764773
0.52413 0.368091 0.770451
0.55 0.374405 0.767835
0.5 0.387202 0.761886
0.183605 0.67 0.66003
0.183605 0.65 0.660116
0.197213 0.63 0.660774
0.204018 0.61 0.661034
0.346911 0.51 0.71339
0.36052 0.49 0.714706
0.367324 0.47 0.715416
0.367324 0.45 0.715378
0.45 0.4 0.755922
0.183605 0.77 0.637705
0.183717 0.79 0.637795
0.183943 0.83 0.637721
0.190635 0.81 0.638113
0.475 0.4 0.756144
0.55 0.4 0.755913
0.5 0.412798 0.750663
0.525 0.4 0.756152
0.204018 0.67 0.66103
0.204018 0.65 0.661119
0.224431 0.67 0.662122
0.224431 0.63 0.66221
0.224431 0.61 0.662123
0.367324 0.51 0.715179
0.387737 0.45 0.71751
0.380933 0.49 0.716564
0.387737 0.47 0.717444
0.45 0.425595 0.743951
0.204018 0.77 0.638671
0.204143 0.79 0.638763
0.204394 0.83 0.63869
0.211073 0.81 0.639111
0.47587 0.431909 0.742042
0.55 0.425595 0.743887
0.5 0.431832 0.742575
0.525 0.425595 0.744788
0.224431 0.65 0.662208
0.244844 0.67 0.663309
0.241442 0.625 0.663177
0.23804 0.64 0.663002
0.244844 0.61 0.663307
0.387737 0.51 0.716959
0.408151 0.45 0.72008
0.428564 0.45 0.72373
0.408151 0.47 0.719705
0.401346 0.49 0.718415
0.45 0.45 0.730911
0.224431 0.77 0.639726
0.224569 0.79 0.639819
0.224845 0.83 0.639749
0.231511 0.81 0.640199
0.475 0.45 0.734463
0.55 0.45 0.731024
0.5 0.45 0.735377
0.525 0.45 0.73447
0.251649 0.65 0.663808
0.265258 0.67 0.664584
0.258453 0.63 0.664235
0.265258 0.61 0.664587
0.408151 0.51 0.718525
0.428564 0.47 0.722383
0.42176 0.49 0.720096
0.45 0.47 0.725657
0.244844 0.77 0.64087
0.244995 0.79 0.640964
0.245296 0.83 0.640896
0.248548 0.81 0.641173
0.571436 0.45 0.723559
0.4825 0.468 0.728897
0.557381 0.470661 0.724507
0.54 0.466 0.727804
0.51 0.474 0.72716
0.272062 0.65 0.665118
0.285671 0.67 0.665957
0.285671 0.61 0.665954
0.285671 0.63 0.666042
0.306084 0.61 0.667417
0.47 0.488 0.722551
0.428564 0.51 0.719262
0.45 0.49 0.721562
0.265258 0.77 0.642104
0.265421 0.79 0.642199
0.265747 0.83 0.642133
0.265584 0.81 0.642208
0.574913 0.470325 0.721875
0.591849 0.45 0.720011
0.571436 0.49 0.720637
0.475 0.51 0.71675
0.49 0.486 0.723514
0.505 0.492 0.721804
0.55 0.49 0.721491
0.53 0.482 0.724088
0.29928 0.65 0.667
0.306084 0.67 0.667413
0.306084 0.63 0.667503
0.326498 0.61 0.668977
0.45 0.51 0.717773
0.285671 0.77 0.643427
0.285847 0.79 0.643526
0.286198 0.83 0.643463
0.292827 0.81 0.643994
0.591849 0.47 0.719715
0.571436 0.51 0.719367
0.591849 0.49 0.719045
0.612263 0.45 0.717501
0.612263 0.47 0.717458
0.47587 0.528091 0.711404
0.55 0.51 0.717708
0.5 0.51 0.716643
0.525 0.51 0.716752
0.326498 0.67 0.668959
0.346911 0.61 0.670633
0.326498 0.65 0.669052
0.333302 0.63 0.669598
0.367324 0.61 0.67241
0.45 0.534405 0.709603
0.306084 0.77 0.644838
0.302864 0.79 0.644696
0.313265 0.81 0.645441
0.306649 0.83 0.644877
0.591849 0.51 0.71854
0.612263 0.51 0.716959
0.612263 0.49 0.717197
0.632676 0.45 0.715382
0.632676 0.47 0.715426
0.5 0.534405 0.709489
0.475435 0.547245 0.705665
0.55 0.534405 0.709602
0.525 0.534405 0.70951
0.346911 0.67 0.670591
0.350313 0.63 0.670997
0.346911 0.65 0.670691
0.367324 0.63 0.672468
0.387737 0.61 0.674347
0.45 0.56 0.701633
0.326498 0.77 0.646345
0.319881 0.79 0.645928
0.330301 0.81 0.646716
0.3271 0.83 0.646381
0.45 1 0.653683
0.632676 0.51 0.71518
0.632676 0.49 0.715327
0.653089 0.45 0.713468
0.653089 0.47 0.713544
0.653089 0.49 0.713507
0.5 0.56 0.701936
0.475 0.566399 0.69994
0.525 0.56 0.701843
0.55 0.56 0.701653
0.367324 0.67 0.672294
0.367324 0.65 0.672413
0.387737 0.65 0.674204
0.394542 0.63 0.675009
0.408151 0.61 0.676584
0.45 0.585595 0.693566
0.346911 0.77 0.647938
0.347124 0.79 0.648035
0.347337 0.81 0.648046
0.34755 0.83 0.647971
0.470182 1 0.653787
0.45 0.979003 0.65385
0.653089 0.51 0.713393
0.673502 0.45 0.711693
0.673502 0.47 0.711781
0.673502 0.49 0.711765
0.525 0.585595 0.694279
0.5 0.585595 0.694583
0.475 0.585595 0.694296
0.55 0.585595 0.693672
0.387737 0.67 0.674031
0.428564 0.61 0.679568
0.408151 0.65 0.675985
0.411553 0.63 0.676756
0.45 0.61 0.684889
0.475 0.61 0.687499
0.367324 0.77 0.649635
0.36755 0.79 0.649727
0.368001 0.83 0.649642
0.367776 0.81 0.649722
0.476906 0.986108 0.653918
0.490061 1 0.653839
0.509939 1 0.653837
0.483453 0.971899 0.654066
0.463559 0.972011 0.653992
0.55 1 0.653681
0.45 0.957691 0.654075
0.388452 0.83 0.651379
0.673502 0.51 0.711665
0.693916 0.51 0.710024
0.693916 0.45 0.710032
0.70072 0.49 0.709589
0.693916 0.47 0.710125
0.525856 0.604108 0.688989
0.5 0.61 0.688171
0.55 0.61 0.684805
0.408151 0.67 0.675689
0.428564 0.63 0.678682
0.425087 0.649675 0.67738
0.45 0.63 0.681443
0.495 0.628 0.684146
0.4675 0.627 0.683393
0.387737 0.77 0.651453
0.387976 0.79 0.651519
0.388214 0.81 0.651475
0.529818 1 0.653783
0.498245 0.982634 0.653978
0.519583 0.979161 0.653986
0.49 0.957691 0.654234
0.47 0.957691 0.65418
0.55 0.979003 0.653851
0.47 0.936375 0.654467
0.45 0.936375 0.654362
0.45 0.91506 0.654707
0.408903 0.83 0.653145
0.714329 0.45 0.708474
0.714329 0.51 0.708472
0.721133 0.49 0.708072
0.714329 0.47 0.708566
0.571436 0.61 0.679537
0.53 0.622 0.684536
0.51 0.634 0.682819
0.55 0.63 0.68141
0.428564 0.67 0.676959
0.442619 0.649339 0.678597
0.46 0.644 0.68015
0.49 0.646 0.680704
0.408151 0.77 0.653449
0.408402 0.79 0.653424
0.415457 0.81 0.65388
0.534785 0.968431 0.654034
0.51 0.957691 0.654234
0.49 0.940638 0.654459
0.55 0.957691 0.654077
0.49 0.923586 0.654721
0.47 0.919323 0.654739
0.45 0.893744 0.655107
0.47 0.898007 0.655133
0.429354 0.83 0.654827
0.571436 0.63 0.678701
0.734742 0.45 0.70702
0.734742 0.51 0.707016
0.738144 0.49 0.706879
0.591849 0.61 0.676595
0.741547 0.47 0.706643
0.591849 0.63 0.676392
0.507928 0.660946 0.678157
0.53 0.642 0.680858
0.571436 0.65 0.677612
0.55 0.65 0.678969
0.45 0.67 0.676801
0.47 0.658 0.678422
0.45 0.694405 0.672637
0.485396 0.669823 0.676659
0.428564 0.77 0.655823
0.428827 0.79 0.655477
0.432523 0.810208 0.655335
0.51 0.91506 0.654868
0.53 0.940638 0.654401
0.51 0.936375 0.65452
0.55 0.936375 0.654361
0.45 0.872428 0.655551
0.51 0.898007 0.655191
0.49 0.90227 0.655103
0.47 0.872428 0.655678
0.48 0.885218 0.655441
0.45 0.810422 0.656646
0.45 0.851114 0.656006
0.45 0.83 0.656263
0.591849 0.65 0.675951
0.571436 0.67 0.676869
0.755156 0.45 0.705665
0.755156 0.51 0.705661
0.755156 0.49 0.705755
0.612263 0.61 0.674358
0.768764 0.47 0.704901
0.612263 0.65 0.674169
0.619067 0.63 0.673689
0.45 0.72 0.668447
0.501151 0.681921 0.674753
0.525856 0.675892 0.675727
0.55 0.67 0.67681
0.475 0.694405 0.672718
0.500583 0.700732 0.671751
0.45 0.745595 0.664154
0.45 0.77 0.659459
0.45 0.79044 0.657651
0.53 0.910797 0.654887
0.55 0.91506 0.654707
0.53 0.893744 0.655217
0.469578 0.798473 0.658265
0.47 0.851114 0.656195
0.51 0.880955 0.655558
0.49 0.872428 0.655756
0.469578 0.818253 0.657218
0.469789 0.834684 0.656634
0.612263 0.67 0.673992
0.591849 0.67 0.675627
0.775569 0.45 0.704404
0.775569 0.51 0.704405
0.782373 0.49 0.704097
0.632676 0.61 0.672405
0.632676 0.67 0.67227
0.795982 0.47 0.703327
0.63948 0.65 0.671809
0.646285 0.63 0.671266
0.475 0.726399 0.667624
0.525 0.694405 0.672727
0.55 0.694405 0.672634
0.525 0.72 0.668634
0.5 0.72 0.668718
0.475 0.745595 0.664662
0.475 0.77 0.661144
0.55 0.893744 0.655106
0.53 0.876692 0.655582
0.489157 0.806506 0.658277
0.49451 0.788485 0.659726
0.49 0.851114 0.656331
0.51 0.863903 0.655973
0.49 0.83 0.657057
0.795982 0.45 0.703237
0.795982 0.51 0.70324
0.802787 0.49 0.702968
0.653089 0.61 0.67062
0.816395 0.45 0.702176
0.653089 0.67 0.670576
0.8232 0.47 0.70193
0.666698 0.65 0.669567
0.673502 0.63 0.669039
0.5 0.745595 0.664878
0.55 0.72 0.668457
0.525 0.739196 0.665633
0.5 0.77 0.661641
0.55 0.872428 0.65555
0.53 0.851114 0.656197
0.504842 0.822305 0.657433
0.50912 0.794528 0.659118
0.51 0.838446 0.656739
0.816395 0.51 0.702175
0.8232 0.49 0.701935
0.673502 0.61 0.668955
0.836809 0.45 0.701212
0.673502 0.67 0.668943
0.843613 0.49 0.701003
0.850418 0.47 0.700705
0.693916 0.65 0.667478
0.693916 0.63 0.667482
0.525856 0.764108 0.661907
0.55 0.745595 0.664211
0.52956 0.782264 0.659655
0.55 0.851114 0.656
0.52956 0.802475 0.658027
0.53 0.834223 0.656647
0.519684 0.814611 0.657665
0.836809 0.51 0.701209
0.693916 0.61 0.667395
0.857222 0.45 0.70034
0.693916 0.67 0.66739
0.857222 0.51 0.700338
0.860624 0.49 0.700299
0.877635 0.47 0.699656
0.714329 0.65 0.666019
0.714329 0.63 0.66602
0.714329 0.61 0.665932
0.55 0.79044 0.657624
0.55 0.77 0.659399
0.55 0.83 0.656241
0.55 0.810422 0.656669
0.877635 0.45 0.699565
0.714329 0.67 0.66593
0.877635 0.51 0.699566
0.877635 0.49 0.699658
0.898049 0.47 0.698985
0.734742 0.65 0.664651
0.734742 0.61 0.664563
0.734742 0.63 0.66465
0.570909 0.81 0.655047
0.571173 0.79 0.655464
0.571436 0.77 0.655798
0.570646 0.83 0.654807
0.898049 0.45 0.698891
0.734742 0.67 0.664563
0.755156 0.65 0.663377
0.898049 0.51 0.698893
0.904853 0.49 0.698778
0.918462 0.45 0.698314
0.918462 0.47 0.698406
0.755156 0.67 0.663288
0.755156 0.61 0.66329
0.76196 0.63 0.662967
0.587945 0.81 0.653563
0.591598 0.79 0.653414
0.591849 0.77 0.653434
0.591097 0.83 0.653123
0.775569 0.65 0.662195
0.918462 0.51 0.698313
0.925266 0.49 0.698232
0.938875 0.45 0.697834
0.938875 0.47 0.697928
0.775569 0.67 0.662105
0.775569 0.61 0.662107
0.789178 0.63 0.66145
0.612263 0.77 0.651438
0.604982 0.81 0.652057
0.612024 0.79 0.651502
0.611548 0.83 0.651369
0.79258 0.65 0.661276
0.938875 0.51 0.697837
0.952484 0.49 0.697654
0.959288 0.47 0.697543
0.959288 0.45 0.69745
0.795982 0.67 0.66101
0.795982 0.61 0.661009
0.806189 0.63 0.660587
0.632676 0.77 0.649624
0.639267 0.79 0.649136
0.632224 0.81 0.649708
0.631999 0.83 0.649629
0.809591 0.65 0.660423
0.959288 0.51 0.697451
0.979701 0.49 0.697252
0.979701 0.45 0.697161
0.979701 0.47 0.697254
0.816395 0.67 0.660009
0.816395 0.61 0.660009
0.8232 0.63 0.659784
0.652663 0.81 0.648031
0.653089 0.77 0.647923
0.659693 0.79 0.647478
0.65245 0.83 0.647957
0.826602 0.65 0.659634
1 0.489963 0.697063
1 0.51 0.69697
0.979701 0.51 0.69716
1 0.45 0.696972
1 0.470037 0.697064
0.836809 0.67 0.659102
0.836809 0.61 0.659107
0.843613 0.65 0.658908
0.850418 0.63 0.658636
0.669699 0.81 0.646699
0.680119 0.79 0.645914
0.673502 0.77 0.646326
0.6729 0.83 0.646365
0.857222 0.67 0.65829
0.857222 0.61 0.658285
0.867429 0.63 0.658
0.870831 0.65 0.657875
0.686735 0.81 0.645426
0.697136 0.79 0.644681
0.693916 0.77 0.644823
0.693351 0.83 0.644861
0.877635 0.67 0.657562
0.877635 0.61 0.657559
0.88444 0.63 0.65743
0.898049 0.65 0.65701
0.707173 0.81 0.64398
0.714153 0.79 0.643509
0.714329 0.77 0.643411
0.713802 0.83 0.643445
0.898049 0.67 0.656924
0.91506 0.65 0.656553
0.898049 0.61 0.656924
0.901451 0.63 0.656917
0.727612 0.81 0.642626
0.734579 0.79 0.642184
0.734742 0.77 0.642089
0.734253 0.83 0.642119
0.918462 0.63 0.656469
0.918462 0.67 0.65638
0.932071 0.65 0.656159
0.918462 0.61 0.656381
0.74805 0.81 0.64136
0.755005 0.79 0.640949
0.755156 0.77 0.640855
0.754704 0.83 0.640882
0.938875 0.63 0.656017
0.938875 0.67 0.655928
0.949082 0.65 0.655827
0.938875 0.61 0.655929
0.775569 0.77 0.639711
0.768489 0.81 0.640184
0.775431 0.79 0.639803
0.775155 0.83 0.639735
0.955886 0.63 0.65571
0.959288 0.67 0.655568
0.966092 0.65 0.655558
0.959288 0.61 0.655568
0.795982 0.77 0.638659
0.788927 0.81 0.639099
0.802674 0.79 0.638413
0.795606 0.83 0.638677
0.972897 0.63 0.655464
0.979701 0.67 0.6553
0.983046 0.649981 0.655355
0.979701 0.61 0.655301
0.816395 0.77 0.63769
0.809365 0.81 0.638099
0.823099 0.79 0.637477
0.816057 0.83 0.637706
1 0.630037 0.655205
1 0.67 0.655122
1 0.649963 0.65521
1 0.61 0.65512
0.836809 0.77 0.636813
0.829804 0.81 0.637189
0.843525 0.79 0.636628
0.836508 0.83 0.636825
0.857222 0.77 0.636024
0.863951 0.79 0.635867
0.850242 0.81 0.636368
0.856959 0.83 0.636033
0.877635 0.77 0.635323
0.884377 0.79 0.635198
0.87068 0.81 0.635634
0.87741 0.83 0.635331
0.898049 0.77 0.634708
0.901394 0.79 0.634702
0.897923 0.81 0.634795
0.89786 0.83 0.634714
0.918361 0.81 0.634271
0.918462 0.77 0.634183
0.918412 0.79 0.634267
0.918311 0.83 0.634188
0.932008 0.8 0.633981
0.935385 0.815 0.633887
0.938875 0.77 0.63375
0.945654 0.79 0.633705
0.938762 0.83 0.633749
0.952434 0.81 0.633591
0.959288 0.77 0.6334
0.96608 0.79 0.633388
0.959213 0.83 0.6334
0.972872 0.81 0.633298
0.979701 0.77 0.633139
0.98304 0.790019 0.633192
0.979663 0.83 0.63314
1 0.809963 0.633047
1 0.77 0.632967
1 0.790037 0.633052
1 0.83 0.632965
